2.3053040504455566 0.07179315388202667 6.976541519165039 -0.11048441380262375 0.10644586384296417
1.7124533653259277 0.06881893426179886 6.263053894042969 -0.13864946365356445 0.12474897503852844
1.1776165962219238 0.06945746392011642 5.546934127807617 -0.13910572230815887 0.17571859061717987
0.8886821269989014 0.06929486244916916 5.133938789367676 -0.13856902718544006 0.21871188282966614
0.6412695646286011 0.0693381056189537 4.530348777770996 -0.13872544467449188 0.25585508346557617
0.45315274596214294 0.06934200972318649 4.362974643707275 -0.1386549472808838 0.2759472131729126
0.39051979780197144 0.06931998580694199 4.084605693817139 -0.13866892457008362 0.2874211072921753
0.29765304923057556 0.06932639330625534 3.749318838119507 -0.1386525183916092 0.2984718680381775
0.21640338003635406 0.06932046264410019 3.6865084171295166 -0.13863921165466309 0.3072916269302368
0.20684273540973663 0.06931490451097488 3.406782865524292 -0.13863882422447205 0.31205782294273376
0.14693239331245422 0.06931548565626144 3.1672184467315674 -0.13863372802734375 0.3144635856151581
0.11032000929117203 0.069315604865551 3.0905609130859375 -0.13863256573677063 0.3128511905670166
0.12077099829912186 0.06931433826684952 3.052839517593384 -0.13862954080104828 0.3050582706928253
0.0951678678393364 0.06931406259536743 2.7997307777404785 -0.13863041996955872 0.31079959869384766
0.0993141457438469 0.06931444257497787 2.70418381690979 -0.13862967491149902 0.31231263279914856
0.08422429859638214 0.06931411474943161 2.559680461883545 -0.13862986862659454 0.301639586687088
0.10329190641641617 0.06931447237730026 2.4794254302978516 -0.1386289894580841 0.299232542514801
0.036789242178201675 0.06931411474943161 2.3466250896453857 -0.13862895965576172 0.29415830969810486
0.05516485869884491 0.06931432336568832 2.247434616088867 -0.13862894475460052 0.2872788608074188
0.055049262940883636 0.0693143978714943 2.0497398376464844 -0.13862916827201843 0.2799414098262787
0.03662708401679993 0.06931453198194504 1.9273016452789307 -0.1386292278766632 0.28460678458213806
0.04875105246901512 0.0693146362900734 1.869898796081543 -0.13862958550453186 0.26860442757606506
0.033735282719135284 0.06931465864181519 1.7010587453842163 -0.13862937688827515 0.26906225085258484
0.04180247709155083 0.06931477785110474 1.6083617210388184 -0.1386294811964035 0.25753211975097656
0.028993580490350723 0.06931475549936295 1.6202080249786377 -0.13862942159175873 0.26659831404685974
0.03601434826850891 0.06931477040052414 1.4580190181732178 -0.1386295109987259 0.2542577385902405
0.03539985045790672 0.06931474059820175 1.4699082374572754 -0.1386294662952423 0.24348416924476624
0.026031874120235443 0.06931474059820175 1.3280154466629028 -0.1386294811964035 0.23892495036125183
0.028939861804246902 0.06931473314762115 1.372467279434204 -0.1386294811964035 0.2399611622095108
0.04029077664017677 0.06931474059820175 1.1666250228881836 -0.1386294811964035 0.2277110517024994
0.015406036749482155 0.06931473314762115 1.1301283836364746 -0.1386294662952423 0.22479087114334106
0.019095418974757195 0.06931473314762115 1.0370798110961914 -0.1386294662952423 0.21285638213157654
0.014080042019486427 0.06931471824645996 1.0316169261932373 -0.13862943649291992 0.2185923010110855
0.016789304092526436 0.06931471824645996 1.036644458770752 -0.13862943649291992 0.20562025904655457
0.043970510363578796 0.06931471824645996 1.00739324092865 -0.13862943649291992 0.20042511820793152
0.011055788025259972 0.06931471824645996 0.9428708553314209 -0.13862943649291992 0.20501109957695007
0.017341265454888344 0.06931471824645996 0.8572044968605042 -0.13862943649291992 0.2014254927635193
0.008951826021075249 0.06931471824645996 0.8189560770988464 -0.13862943649291992 0.19326001405715942
0.012762554921209812 0.06931471824645996 0.8072618842124939 -0.13862943649291992 0.17153528332710266
0.06512190401554108 0.06931471824645996 0.7421563267707825 -0.13862943649291992 0.17084676027297974
0.019008316099643707 0.06931471824645996 0.703543484210968 -0.13862943649291992 0.18964353203773499
0.03736789897084236 0.06931471824645996 0.6410112977027893 -0.13862943649291992 0.17859557271003723
0.009875517338514328 0.06931471824645996 0.6463847756385803 -0.13862943649291992 0.16686634719371796
0.011114961467683315 0.06931471824645996 0.7269473671913147 -0.13862943649291992 0.17552870512008667
0.019130265340209007 0.06931471824645996 0.6081705093383789 -0.13862943649291992 0.15270528197288513
0.02229319140315056 0.06931471824645996 0.6476903557777405 -0.13862943649291992 0.1445358693599701
0.009519470855593681 0.06931471824645996 0.5898571610450745 -0.13862943649291992 0.14261049032211304
0.006715429946780205 0.06931471824645996 0.5364905595779419 -0.13862943649291992 0.16107073426246643
0.009767732582986355 0.06931471824645996 0.5732901096343994 -0.13862943649291992 0.14361166954040527
0.008785529062151909 0.06931471824645996 0.5065147280693054 -0.13862943649291992 0.1513202041387558
0.008711113594472408 0.06931471824645996 0.5304800271987915 -0.13862943649291992 0.14858095347881317
0.014735748991370201 0.06931471824645996 0.507996678352356 -0.13862943649291992 0.14226680994033813
0.014650094322860241 0.06931471824645996 0.46242374181747437 -0.13862943649291992 0.13191863894462585
0.018599096685647964 0.06931471824645996 0.4435155391693115 -0.13862943649291992 0.1371603012084961
0.009254368022084236 0.06931471824645996 0.43657374382019043 -0.13862943649291992 0.1339162439107895
0.014680420979857445 0.06931471824645996 0.3701426684856415 -0.13862943649291992 0.12134748697280884
0.0069855619221925735 0.06931471824645996 0.4559198319911957 -0.13862943649291992 0.13222168385982513
0.008727340027689934 0.06931471824645996 0.395881712436676 -0.13862943649291992 0.13120150566101074
0.014099892228841782 0.06931471824645996 0.39321863651275635 -0.13862943649291992 0.1024850457906723
0.007560348138213158 0.06931471824645996 0.3722435534000397 -0.13862943649291992 0.10381318628787994
0.022288447245955467 0.06931471824645996 0.35607436299324036 -0.13862943649291992 0.11173833906650543
0.007380248978734016 0.06931471824645996 0.3716539144515991 -0.13862943649291992 0.116215780377388
0.015443937852978706 0.06931471824645996 0.3320341110229492 -0.13862943649291992 0.10575146973133087
0.006779307499527931 0.06931471824645996 0.32804036140441895 -0.13862943649291992 0.11593779921531677
0.005328502506017685 0.06931471824645996 0.3073593080043793 -0.13862943649291992 0.11064105480909348
0.003474123775959015 0.06931471824645996 0.2893948256969452 -0.13862943649291992 0.10704202950000763
0.017861565575003624 0.06931471824645996 0.28516268730163574 -0.13862943649291992 0.11058753728866577
0.010475868359208107 0.06931471824645996 0.2556949555873871 -0.13862943649291992 0.10379195213317871
0.025857048109173775 0.06931471824645996 0.28357619047164917 -0.13862943649291992 0.11032736301422119
0.005185849964618683 0.06931471824645996 0.3221258223056793 -0.13862943649291992 0.09614156931638718
0.011868099682033062 0.06931471824645996 0.3566289246082306 -0.13862943649291992 0.09905354678630829
0.01407214067876339 0.06931471824645996 0.2923477292060852 -0.13862943649291992 0.08476319164037704
0.006387174129486084 0.06931471824645996 0.21513798832893372 -0.13862943649291992 0.0949823185801506
0.012274494394659996 0.06931471824645996 0.2873660624027252 -0.13862943649291992 0.10209150612354279
0.02198825031518936 0.06931471824645996 0.2711053490638733 -0.13862943649291992 0.08385947346687317
0.02199118584394455 0.06931471824645996 0.2813243865966797 -0.13862943649291992 0.08313558995723724
0.004726933315396309 0.06931471824645996 0.24449913203716278 -0.13862943649291992 0.09119391441345215
0.006697049364447594 0.06931471824645996 0.21152591705322266 -0.13862943649291992 0.07861381024122238
0.004381395876407623 0.06931471824645996 0.21669334173202515 -0.13862943649291992 0.087887704372406
0.00555422343313694 0.06931471824645996 0.22243838012218475 -0.13862943649291992 0.09816841781139374
0.008252132683992386 0.06931471824645996 0.2475137859582901 -0.13862943649291992 0.09444662183523178
0.0026468969881534576 0.06931471824645996 0.18904946744441986 -0.13862943649291992 0.07512833923101425
0.007934490218758583 0.06931471824645996 0.19943653047084808 -0.13862943649291992 0.08060409873723984
0.0058257803320884705 0.06931471824645996 0.1918622851371765 -0.13862943649291992 0.07962477207183838
0.021649392321705818 0.06931471824645996 0.20938540995121002 -0.13862943649291992 0.07731199264526367
0.007531596347689629 0.06931471824645996 0.1860014945268631 -0.13862943649291992 0.08043967932462692
0.004082042723894119 0.06931471824645996 0.15850429236888885 -0.13862943649291992 0.0711592361330986
0.0043415166437625885 0.06931471824645996 0.17258331179618835 -0.13862943649291992 0.07105875015258789
0.00693434476852417 0.06931471824645996 0.150528684258461 -0.13862943649291992 0.07637480646371841
0.012988800182938576 0.06931471824645996 0.1842801868915558 -0.13862943649291992 0.06427209824323654
0.004285838454961777 0.06931471824645996 0.14848850667476654 -0.13862943649291992 0.0607578307390213
0.011557286605238914 0.06931471824645996 0.12654078006744385 -0.13862943649291992 0.07849366962909698
0.01592085137963295 0.06931471824645996 0.20367734134197235 -0.13862943649291992 0.07197120785713196
0.006888333708047867 0.06931471824645996 0.12357868254184723 -0.13862943649291992 0.06091870367527008
0.0061432234942913055 0.06931471824645996 0.12435028702020645 -0.13862943649291992 0.07448672503232956
0.006468465551733971 0.06931471824645996 0.17204171419143677 -0.13862943649291992 0.06465458124876022
0.006394132971763611 0.06931471824645996 0.13003835082054138 -0.13862943649291992 0.0634397640824318
0.012377459555864334 0.06931471824645996 0.15093761682510376 -0.13862943649291992 0.08321379125118256
0.008217580616474152 0.06931471824645996 0.14835818111896515 -0.13862943649291992 0.06438437849283218
0.02322283945977688 0.06931471824645996 0.16477179527282715 -0.13862943649291992 0.06707853078842163
0.006169954314827919 0.06931471824645996 0.15340399742126465 -0.13862943649291992 0.06546340882778168
0.007417963817715645 0.06931471824645996 0.14861801266670227 -0.13862943649291992 0.05185824632644653
0.003626987338066101 0.06931471824645996 0.16532808542251587 -0.13862943649291992 0.06306968629360199
0.006730284541845322 0.06931471824645996 0.11813193559646606 -0.13862943649291992 0.06128975749015808
0.003865426406264305 0.06931471824645996 0.1989162117242813 -0.13862943649291992 0.05947183817625046
0.006931226700544357 0.06931471824645996 0.13845877349376678 -0.13862943649291992 0.05318228527903557
0.0049710944294929504 0.06931471824645996 0.09761158376932144 -0.13862943649291992 0.059220485389232635
0.008685685694217682 0.06931471824645996 0.12505590915679932 -0.13862943649291992 0.06332454085350037
0.003944169729948044 0.06931471824645996 0.12155212461948395 -0.13862943649291992 0.05051259696483612
0.005341898649930954 0.06931471824645996 0.1091417446732521 -0.13862943649291992 0.06146099418401718
0.006466701626777649 0.06931471824645996 0.1110701933503151 -0.13862943649291992 0.05377963185310364
0.009348900988698006 0.06931471824645996 0.13732823729515076 -0.13862943649291992 0.0574646070599556
0.003780581057071686 0.06931471824645996 0.09701091796159744 -0.13862943649291992 0.06356765329837799
0.009527606889605522 0.06931471824645996 0.17338888347148895 -0.13862943649291992 0.05819813162088394
0.012739470228552818 0.06931471824645996 0.08115649223327637 -0.13862943649291992 0.03891350328922272
0.013505844399333 0.06931471824645996 0.08861382305622101 -0.13862943649291992 0.06031854450702667
0.00546562485396862 0.06931471824645996 0.0977536141872406 -0.13862943649291992 0.054920002818107605
0.013476869091391563 0.06931471824645996 0.12215728312730789 -0.13862943649291992 0.042232945561409
0.026252547279000282 0.06931471824645996 0.10945571213960648 -0.13862943649291992 0.05272652581334114
0.008585620671510696 0.06931471824645996 0.0844324380159378 -0.13862943649291992 0.04803428798913956
0.006762620061635971 0.06931471824645996 0.09927015006542206 -0.13862943649291992 0.061814188957214355
0.010368861258029938 0.06931471824645996 0.12627801299095154 -0.13862943649291992 0.04467037320137024
0.012428149580955505 0.06931471824645996 0.1085786372423172 -0.13862943649291992 0.04949395731091499
0.0029733534902334213 0.06931471824645996 0.07731574028730392 -0.13862943649291992 0.039574239403009415
0.008131608366966248 0.06931471824645996 0.12890410423278809 -0.13862943649291992 0.03976611793041229
0.008382435888051987 0.06931471824645996 0.09103363752365112 -0.13862943649291992 0.04339428246021271
0.010015103965997696 0.06931471824645996 0.07386502623558044 -0.13862943649291992 0.05371810495853424
0.003420703113079071 0.06931471824645996 0.08654388040304184 -0.13862943649291992 0.03350166603922844
0.004495244473218918 0.06931471824645996 0.08588468283414841 -0.13862943649291992 0.059221796691417694
0.0043400730937719345 0.06931471824645996 0.07587987184524536 -0.13862943649291992 0.040009740740060806
0.004258677363395691 0.06931471824645996 0.08101611584424973 -0.13862943649291992 0.040725208818912506
0.0063781533390283585 0.06931471824645996 0.11157114803791046 -0.13862943649291992 0.05010838806629181
0.004277080297470093 0.06931471824645996 0.06744736433029175 -0.13862943649291992 0.049207329750061035
0.0043163783848285675 0.06931471824645996 0.08457083255052567 -0.13862943649291992 0.03451285883784294
0.004126666113734245 0.06931471824645996 0.08203165233135223 -0.13862943649291992 0.043510228395462036
0.021775774657726288 0.06931471824645996 0.05035470426082611 -0.13862943649291992 0.039122022688388824
0.005065951496362686 0.06931471824645996 0.05832194164395332 -0.13862943649291992 0.042571112513542175
0.015420328825712204 0.06931471824645996 0.07368604838848114 -0.13862943649291992 0.044648170471191406
0.008055424317717552 0.06931471824645996 0.12294235825538635 -0.13862943649291992 0.03409931808710098
0.003657720983028412 0.06931471824645996 0.07717125117778778 -0.13862943649291992 0.03817291930317879
0.006565209478139877 0.06931471824645996 0.0654573142528534 -0.13862943649291992 0.03658636659383774
0.0074168480932712555 0.06931471824645996 0.06427750736474991 -0.13862943649291992 0.03372378647327423
0.006582377478480339 0.06931471824645996 0.083962582051754 -0.13862943649291992 0.04044266790151596
0.003785187378525734 0.06931471824645996 0.07568899542093277 -0.13862943649291992 0.044598765671253204
0.0051904600113630295 0.06931471824645996 0.07193585485219955 -0.13862943649291992 0.035242266952991486
0.009406987577676773 0.06931471824645996 0.07387150824069977 -0.13862943649291992 0.04069767892360687
0.006170941516757011 0.06931471824645996 0.04188161343336105 -0.13862943649291992 0.03968914598226547
0.009462172165513039 0.06931471824645996 0.0690322071313858 -0.13862943649291992 0.03662300109863281
0.0063242726027965546 0.06931471824645996 0.052602287381887436 -0.13862943649291992 0.03802848234772682
0.00341646745800972 0.06931471824645996 0.06086713448166847 -0.13862943649291992 0.03865007311105728
0.006322357803583145 0.06931471824645996 0.05568721145391464 -0.13862943649291992 0.041200779378414154
0.007171131670475006 0.06931471824645996 0.06605516374111176 -0.13862943649291992 0.028734197840094566
0.007238572463393211 0.06931471824645996 0.07865871489048004 -0.13862943649291992 0.03934179246425629
0.016197461634874344 0.06931471824645996 0.10310816764831543 -0.13862943649291992 0.0262384582310915
0.002607904374599457 0.06931471824645996 0.057447075843811035 -0.13862943649291992 0.03180842474102974
0.01053469255566597 0.06931471824645996 0.04834182560443878 -0.13862943649291992 0.03266919404268265
0.009644143283367157 0.06931471824645996 0.058642033487558365 -0.13862943649291992 0.037124522030353546
0.006036099046468735 0.06931471824645996 0.063191257417202 -0.13862943649291992 0.03826194256544113
0.003938369452953339 0.06931471824645996 0.06384111940860748 -0.13862943649291992 0.0401628203690052
0.004632178694009781 0.06931471824645996 0.07497535645961761 -0.13862943649291992 0.03450319170951843
0.0065217334777116776 0.06931471824645996 0.06782731413841248 -0.13862943649291992 0.032986998558044434
0.010140430182218552 0.06931471824645996 0.0697537511587143 -0.13862943649291992 0.03500676900148392
0.030693186447024345 0.06931471824645996 0.0624208077788353 -0.13862943649291992 0.034883297979831696
0.004663245752453804 0.06931471824645996 0.032608360052108765 -0.13862943649291992 0.029401961714029312
0.013868598267436028 0.06931471824645996 0.07415832579135895 -0.13862943649291992 0.029480230063199997
0.005974825471639633 0.06931471824645996 0.04897097125649452 -0.13862943649291992 0.033691104501485825
0.005343971773982048 0.06931471824645996 0.08418559283018112 -0.13862943649291992 0.04621341452002525
0.004142185673117638 0.06931471824645996 0.036166585981845856 -0.13862943649291992 0.023516643792390823
0.006377656012773514 0.06931471824645996 0.048569850623607635 -0.13862943649291992 0.035335738211870193
0.006347347050905228 0.06931471824645996 0.05054972693324089 -0.13862943649291992 0.033899787813425064
0.008966254070401192 0.06931471824645996 0.04881013184785843 -0.13862943649291992 0.037795424461364746
0.010874606668949127 0.06931471824645996 0.05692926049232483 -0.13862943649291992 0.026591280475258827
0.004423277452588081 0.06931471824645996 0.05119321122765541 -0.13862943649291992 0.034620508551597595
0.011526960879564285 0.06931471824645996 0.062456101179122925 -0.13862943649291992 0.024090643972158432
0.006338302046060562 0.06931471824645996 0.04052212834358215 -0.13862943649291992 0.02967514842748642
0.0066408272832632065 0.06931471824645996 0.07039867341518402 -0.13862943649291992 0.025449804961681366
0.002581551671028137 0.06931471824645996 0.043552566319704056 -0.13862943649291992 0.03215929865837097
0.00854795053601265 0.06931471824645996 0.0650092363357544 -0.13862943649291992 0.026258569210767746
0.0032363422214984894 0.06931471824645996 0.05377763882279396 -0.13862943649291992 0.02773287333548069
0.0052535925060510635 0.06931471824645996 0.04490724205970764 -0.13862943649291992 0.03552986681461334
0.010502858087420464 0.06931471824645996 0.04076169803738594 -0.13862943649291992 0.0513492189347744
0.006365349516272545 0.06931471824645996 0.04495050758123398 -0.13862943649291992 0.02693028375506401
0.009181061759591103 0.06931471824645996 0.08215141296386719 -0.13862943649291992 0.03872570022940636
0.008986413478851318 0.06931471824645996 0.06185341626405716 -0.13862943649291992 0.031161990016698837
0.009263325482606888 0.06931471824645996 0.047485463321208954 -0.13862943649291992 0.030912820249795914
0.020110905170440674 0.06931471824645996 0.04932915419340134 -0.13862943649291992 0.03403490409255028
0.0036777518689632416 0.06931471824645996 0.051780134439468384 -0.13862943649291992 0.025980841368436813
0.0059453267604112625 0.06931471824645996 0.05205826461315155 -0.13862943649291992 0.023120936006307602
0.009460000321269035 0.06931471824645996 0.04247789829969406 -0.13862943649291992 0.025359133258461952
0.007300311699509621 0.06931471824645996 0.05050354078412056 -0.13862943649291992 0.025754563510417938
0.003849770873785019 0.06931471824645996 0.038153424859046936 -0.13862943649291992 0.028605075553059578
0.005318760871887207 0.06931471824645996 0.03571215271949768 -0.13862943649291992 0.036479465663433075
0.0046051740646362305 0.06931471824645996 0.04710448160767555 -0.13862943649291992 0.02462608367204666
0.010897733271121979 0.06931471824645996 0.03558630123734474 -0.13862943649291992 0.026336465030908585
0.00750843808054924 0.06931471824645996 0.0499580092728138 -0.13862943649291992 0.023202138021588326
0.005637414753437042 0.06931471824645996 0.03449438512325287 -0.13862943649291992 0.030309777706861496
0.003796510398387909 0.06931471824645996 0.04557545483112335 -0.13862943649291992 0.03277268260717392
0.004662565886974335 0.06931471824645996 0.04715688154101372 -0.13862943649291992 0.021805956959724426
0.004186812788248062 0.06931471824645996 0.05637833848595619 -0.13862943649291992 0.019818831235170364
0.009299548342823982 0.06931471824645996 0.05041297525167465 -0.13862943649291992 0.015317438170313835
