2.2842977046966553 0.07063049077987671 6.931765079498291 -0.14163748919963837 0.10329852253198624
1.404213786125183 0.0693172812461853 5.015563488006592 -0.1386340856552124 0.14025427401065826
0.8173627853393555 0.06931492686271667 3.594576120376587 -0.13863161206245422 0.190750390291214
0.43879520893096924 0.06931468844413757 2.258822441101074 -0.13862936198711395 0.21362850069999695
0.34703078866004944 0.06931471824645996 1.8362030982971191 -0.13862943649291992 0.20855066180229187
0.26283201575279236 0.06931471824645996 1.2882969379425049 -0.13862943649291992 0.20273810625076294
0.1529477834701538 0.06931471824645996 0.9642646312713623 -0.13862943649291992 0.16574151813983917
0.12371394038200378 0.06931471824645996 0.7760176062583923 -0.13862943649291992 0.16245600581169128
0.1145193874835968 0.06931471824645996 0.545562207698822 -0.13862943649291992 0.13702940940856934
0.17517304420471191 0.06931471824645996 0.48104581236839294 -0.13862943649291992 0.14512833952903748
0.06544309109449387 0.06931471824645996 0.3770654797554016 -0.13862943649291992 0.1232510358095169
0.060889165848493576 0.06931471824645996 0.41668397188186646 -0.13862943649291992 0.10157987475395203
0.0803138017654419 0.06931471824645996 0.2924703061580658 -0.13862943649291992 0.10764312744140625
0.09577027708292007 0.06931471824645996 0.38190242648124695 -0.13862943649291992 0.10156866163015366
0.08437331020832062 0.06931471824645996 0.25736987590789795 -0.13862943649291992 0.0844908356666565
0.029925916343927383 0.06931471824645996 0.2293003648519516 -0.13862943649291992 0.07653051614761353
0.034462589770555496 0.06931471824645996 0.1539493203163147 -0.13862943649291992 0.0869234949350357
0.024415120482444763 0.06931471824645996 0.16711066663265228 -0.13862943649291992 0.08679445087909698
0.052800253033638 0.06931471824645996 0.18428750336170197 -0.13862943649291992 0.08511688560247421
0.06359660625457764 0.06931471824645996 0.15161624550819397 -0.13862943649291992 0.061882711946964264
0.03706471994519234 0.06931471824645996 0.19829829037189484 -0.13862943649291992 0.07075256109237671
0.02589159458875656 0.06931471824645996 0.08423538506031036 -0.13862943649291992 0.07266407459974289
0.007873383350670338 0.06931471824645996 0.0764750987291336 -0.13862943649291992 0.06520240753889084
0.01140187680721283 0.06931471824645996 0.05936773121356964 -0.13862943649291992 0.08167821168899536
0.01336597464978695 0.06931471824645996 0.08917923271656036 -0.13862943649291992 0.056345321238040924
0.011608721688389778 0.06931471824645996 0.10626739263534546 -0.13862943649291992 0.05101688951253891
0.024686846882104874 0.06931471824645996 0.06597874313592911 -0.13862943649291992 0.06183280423283577
0.010868819430470467 0.06931471824645996 0.0841207504272461 -0.13862943649291992 0.061637602746486664
0.07075671851634979 0.06931471824645996 0.06469379365444183 -0.13862943649291992 0.03458302468061447
0.03776366636157036 0.06931471824645996 0.058392565697431564 -0.13862943649291992 0.07069188356399536
0.005224879831075668 0.06931471824645996 0.05011218413710594 -0.13862943649291992 0.04398883879184723
0.005099240690469742 0.06931471824645996 0.06439080834388733 -0.13862943649291992 0.04426408186554909
0.013640444725751877 0.06931471824645996 0.08374719321727753 -0.13862943649291992 0.0492338091135025
0.053488586097955704 0.06931471824645996 0.0885234922170639 -0.13862943649291992 0.04804511368274689
0.010302787646651268 0.06931471824645996 0.044169746339321136 -0.13862943649291992 0.037312351167201996
0.031973276287317276 0.06931471824645996 0.11884026229381561 -0.13862943649291992 0.05393167585134506
0.004119327291846275 0.06931471824645996 0.03487410396337509 -0.13862943649291992 0.03204901143908501
0.015320485457777977 0.06931471824645996 0.03542466461658478 -0.13862943649291992 0.051844097673892975
0.032631952315568924 0.06931471824645996 0.08985337615013123 -0.13862943649291992 0.0428803488612175
0.0159883014857769 0.06931471824645996 0.03136849403381348 -0.13862943649291992 0.048206113278865814
0.007034337148070335 0.06931471824645996 0.0363791286945343 -0.13862943649291992 0.03983660414814949
0.004606239497661591 0.06931471824645996 0.03910940885543823 -0.13862943649291992 0.0363483764231205
0.024512354284524918 0.06931471824645996 0.0706118643283844 -0.13862943649291992 0.03642641752958298
0.010831974446773529 0.06931471824645996 0.07916165143251419 -0.13862943649291992 0.047398537397384644
0.006436800584197044 0.06931471824645996 0.048977553844451904 -0.13862943649291992 0.049296457320451736
0.04331149533390999 0.06931471824645996 0.0286181028932333 -0.13862943649291992 0.041754648089408875
0.003948746249079704 0.06931471824645996 0.026213154196739197 -0.13862943649291992 0.03560800105333328
0.009401783347129822 0.06931471824645996 0.024373818188905716 -0.13862943649291992 0.04251381382346153
0.015043893828988075 0.06931471824645996 0.06639324873685837 -0.13862943649291992 0.06064964830875397
0.012900887057185173 0.06931471824645996 0.04189038276672363 -0.13862943649291992 0.03566315397620201
0.024525662884116173 0.06931471824645996 0.045314475893974304 -0.13862943649291992 0.050938237458467484
0.006108829751610756 0.06931471824645996 0.018722033128142357 -0.13862943649291992 0.034324489533901215
0.014898426830768585 0.06931471824645996 0.016850670799613 -0.13862943649291992 0.05050665885210037
0.010023185983300209 0.06931471824645996 0.03157931938767433 -0.13862943649291992 0.03801633417606354
0.005501393228769302 0.06931471824645996 0.01593208499252796 -0.13862943649291992 0.035398416221141815
0.009475860744714737 0.06931471824645996 0.04721634089946747 -0.13862943649291992 0.030408617109060287
0.013013165444135666 0.06931471824645996 0.07978198677301407 -0.13862943649291992 0.03216388821601868
0.004476569592952728 0.06931471824645996 0.021282963454723358 -0.13862943649291992 0.03251876309514046
0.009689277037978172 0.06931471824645996 0.0212921891361475 -0.13862943649291992 0.0477699413895607
0.004291335120797157 0.06931471824645996 0.03520258888602257 -0.13862943649291992 0.03601311147212982
0.011593043804168701 0.06931471824645996 0.027025878429412842 -0.13862943649291992 0.050964102149009705
0.006588343530893326 0.06931471824645996 0.032267581671476364 -0.13862943649291992 0.04238260164856911
0.009324528276920319 0.06931471824645996 0.006622312590479851 -0.13862943649291992 0.03821127861738205
0.010255260393023491 0.06931471824645996 0.04968377947807312 -0.13862943649291992 0.043903011828660965
0.006085503846406937 0.06931471824645996 0.024513885378837585 -0.13862943649291992 0.03988493233919144
0.019283786416053772 0.06931471824645996 0.013346245512366295 -0.13862943649291992 0.03852841630578041
0.009354706853628159 0.06931471824645996 0.13528145849704742 -0.13862943649291992 0.034964367747306824
0.006629727780818939 0.06931471824645996 0.016574114561080933 -0.13862943649291992 0.029045909643173218
0.02131720632314682 0.06931471824645996 0.03431985154747963 -0.13862943649291992 0.0333012156188488
0.02217579260468483 0.06931471824645996 0.023751946166157722 -0.13862943649291992 0.023691222071647644
0.009318132884800434 0.06931471824645996 0.020888350903987885 -0.13862943649291992 0.027239982038736343
0.03285173326730728 0.06931471824645996 0.03188357874751091 -0.13862943649291992 0.03597956895828247
0.012070398777723312 0.06931471824645996 0.02024170570075512 -0.13862943649291992 0.026818638667464256
0.009058086201548576 0.06931471824645996 0.039924506098032 -0.13862943649291992 0.019147207960486412
0.017911206930875778 0.06931471824645996 0.046599678695201874 -0.13862943649291992 0.02897506207227707
0.007240619510412216 0.06931471824645996 0.0418383926153183 -0.13862943649291992 0.02256833389401436
0.006896093487739563 0.06931471824645996 0.008191725239157677 -0.13862943649291992 0.027196193113923073
0.01138116791844368 0.06931471824645996 0.022222850471735 -0.13862943649291992 0.03925361484289169
0.012990785762667656 0.06931471824645996 0.047299060970544815 -0.13862943649291992 0.031811073422431946
0.014026669785380363 0.06931471824645996 0.033479779958724976 -0.13862943649291992 0.04096260294318199
0.006818581372499466 0.06931471824645996 0.0319138802587986 -0.13862943649291992 0.03008529543876648
0.005369367077946663 0.06931471824645996 0.010677555575966835 -0.13862943649291992 0.020117968320846558
0.02631574496626854 0.06931471824645996 0.009296547621488571 -0.13862943649291992 0.042704395949840546
0.006775351241230965 0.06931471824645996 0.02212253212928772 -0.13862943649291992 0.030691705644130707
0.006216799840331078 0.06931471824645996 0.03868812695145607 -0.13862943649291992 0.03548305109143257
0.019365549087524414 0.06931471824645996 0.010309502482414246 -0.13862943649291992 0.0402945838868618
0.006188256666064262 0.06931471824645996 0.04135136306285858 -0.13862943649291992 0.025713864713907242
0.01065993495285511 0.06931471824645996 0.030723903328180313 -0.13862943649291992 0.04867598041892052
0.012164577841758728 0.06931471824645996 0.04173455387353897 -0.13862943649291992 0.037847016006708145
0.006693726405501366 0.06931471824645996 0.01780678518116474 -0.13862943649291992 0.02890123799443245
0.029375199228525162 0.06931471824645996 0.021246178075671196 -0.13862943649291992 0.03388811647891998
0.016713853925466537 0.06931471824645996 0.05343938618898392 -0.13862943649291992 0.02124536968767643
0.0037258118391036987 0.06931471824645996 0.05450674518942833 -0.13862943649291992 0.04067616164684296
0.006945649161934853 0.06931471824645996 0.05132089555263519 -0.13862943649291992 0.01985717937350273
0.012384071946144104 0.06931471824645996 -0.002668563276529312 -0.13862943649291992 0.04131848365068436
0.006020665168762207 0.06931471824645996 0.015377484261989594 -0.13862943649291992 0.039267923682928085
0.005233429372310638 0.06931471824645996 0.0031898459419608116 -0.13862943649291992 0.03187321126461029
0.012350773438811302 0.06931471824645996 0.0026186667382717133 -0.13862943649291992 0.02202661707997322
0.003810349851846695 0.06931471824645996 0.018172012642025948 -0.13862943649291992 0.02580840513110161
0.0034663118422031403 0.06931471824645996 0.012990763410925865 -0.13862943649291992 0.0356883704662323
0.009737392887473106 0.06931471824645996 0.01577869802713394 -0.13862943649291992 0.017437942326068878
0.0037187375128269196 0.06931471824645996 0.01568690873682499 -0.13862943649291992 0.03255299851298332
0.013357535004615784 0.06931471824645996 0.06342437118291855 -0.13862943649291992 0.03845199942588806
0.004679616540670395 0.06931471824645996 0.029604338109493256 -0.13862943649291992 0.0307583287358284
0.014358009211719036 0.06931471824645996 0.02069452591240406 -0.13862943649291992 0.04269389808177948
0.003738090395927429 0.06931471824645996 0.0335337370634079 -0.13862943649291992 0.04815416783094406
0.02204310894012451 0.06931471824645996 0.03205050528049469 -0.13862943649291992 0.036776091903448105
0.0035601146519184113 0.06931471824645996 0.005407990887761116 -0.13862943649291992 0.045901648700237274
0.007459145039319992 0.06931471824645996 0.013994609005749226 -0.13862943649291992 0.03652159497141838
0.006699040532112122 0.06931471824645996 0.042517296969890594 -0.13862943649291992 0.01964796707034111
0.0056850723922252655 0.06931471824645996 0.021479787304997444 -0.13862943649291992 0.03422899916768074
0.010413097217679024 0.06931471824645996 0.03104851208627224 -0.13862943649291992 0.025182178243994713
0.0070338621735572815 0.06931471824645996 0.007958982139825821 -0.13862943649291992 0.04894312098622322
0.009007643908262253 0.06931471824645996 0.06761623919010162 -0.13862943649291992 0.037583351135253906
0.00694403238594532 0.06931471824645996 0.020930204540491104 -0.13862943649291992 0.039554301649332047
0.008911628276109695 0.06931471824645996 0.026040513068437576 -0.13862943649291992 0.015545891597867012
0.009879853576421738 0.06931471824645996 0.023580363020300865 -0.13862943649291992 0.04020648077130318
0.00606873631477356 0.06931471824645996 0.01791347563266754 -0.13862943649291992 0.044669948518276215
0.006178729236125946 0.06931471824645996 0.019518766552209854 -0.13862943649291992 0.04478207230567932
0.0055535901337862015 0.06931471824645996 0.025936538353562355 -0.13862943649291992 0.051399361342191696
0.007708126679062843 0.06931471824645996 0.014113468118011951 -0.13862943649291992 0.028971843421459198
0.008663449436426163 0.06931471824645996 0.027979690581560135 -0.13862943649291992 0.03099340945482254
0.010796036571264267 0.06931471824645996 0.04730726778507233 -0.13862943649291992 0.0358625128865242
0.008338449522852898 0.06931471824645996 0.02257208153605461 -0.13862943649291992 0.02945605292916298
0.010749632492661476 0.06931471824645996 0.023095298558473587 -0.13862943649291992 0.022170772776007652
0.01100889965891838 0.06931471824645996 0.018434809520840645 -0.13862943649291992 0.04419361427426338
0.004823341965675354 0.06931471824645996 0.011123543605208397 -0.13862943649291992 0.0405031219124794
0.022254327312111855 0.06931471824645996 0.013222040608525276 -0.13862943649291992 0.027710814028978348
0.004256825894117355 0.06931471824645996 0.012356003746390343 -0.13862943649291992 0.03833138197660446
0.050011832267045975 0.06931471824645996 -0.0003221724182367325 -0.13862943649291992 0.03466419503092766
0.019348084926605225 0.06931471824645996 0.021723046898841858 -0.13862943649291992 0.022596802562475204
0.004174644127488136 0.06931471824645996 0.007626106962561607 -0.13862943649291992 0.03196012228727341
0.008152030408382416 0.06931471824645996 0.03194083273410797 -0.13862943649291992 0.03217700496315956
0.003305211663246155 0.06931471824645996 0.005024813115596771 -0.13862943649291992 0.03831998631358147
0.008180230855941772 0.06931471824645996 0.02122039720416069 -0.13862943649291992 0.048732541501522064
0.008128359913825989 0.06931471824645996 -0.0005640964955091476 -0.13862943649291992 0.025683730840682983
0.012473209761083126 0.06931471824645996 0.006512646563351154 -0.13862943649291992 0.021619055420160294
0.01110164262354374 0.06931471824645996 0.021148908883333206 -0.13862943649291992 0.03146008774638176
0.007647557184100151 0.06931471824645996 0.016122158616781235 -0.13862943649291992 0.03004635125398636
0.010015882551670074 0.06931471824645996 0.025218885391950607 -0.13862943649291992 0.024507563561201096
0.005716577172279358 0.06931471824645996 0.013288534246385098 -0.13862943649291992 0.04339031130075455
0.01380406878888607 0.06931471824645996 0.043575797230005264 -0.13862943649291992 0.032174356281757355
0.02940184250473976 0.06931471824645996 0.031889308243989944 -0.13862943649291992 0.037635717540979385
0.024736890569329262 0.06931471824645996 0.009493306279182434 -0.13862943649291992 0.029369980096817017
0.020861288532614708 0.06931471824645996 0.009083960205316544 -0.13862943649291992 0.03528608754277229
0.005143102258443832 0.06931471824645996 0.017546547576785088 -0.13862943649291992 0.03718547150492668
0.0033598877489566803 0.06931471824645996 0.01638813316822052 -0.13862943649291992 0.04549745097756386
0.009752342477440834 0.06931471824645996 0.037600770592689514 -0.13862943649291992 0.029554467648267746
0.012610210105776787 0.06931471824645996 0.01967587321996689 -0.13862943649291992 0.030310947448015213
0.01589975506067276 0.06931471824645996 0.013373805209994316 -0.13862943649291992 0.02573912777006626
0.00515461340546608 0.06931471824645996 0.006425874307751656 -0.13862943649291992 0.027697142213582993
0.013519737869501114 0.06931471824645996 0.006841352209448814 -0.13862943649291992 0.05688824504613876
0.008811628445982933 0.06931471824645996 0.025600694119930267 -0.13862943649291992 0.031512606889009476
0.006342867389321327 0.06931471824645996 0.006466911174356937 -0.13862943649291992 0.03462112694978714
0.005722321569919586 0.06931471824645996 0.03362555801868439 -0.13862943649291992 0.03049647808074951
0.006162479519844055 0.06931471824645996 0.036322448402643204 -0.13862943649291992 0.0192706435918808
0.018161088228225708 0.06931471824645996 0.004392771050333977 -0.13862943649291992 0.06698010861873627
0.014918435364961624 0.06931471824645996 0.007606072351336479 -0.13862943649291992 0.033295873552560806
0.005177583545446396 0.06931471824645996 0.030308043584227562 -0.13862943649291992 0.056269895285367966
0.007181389257311821 0.06931471824645996 0.0036856895312666893 -0.13862943649291992 0.03433362394571304
0.005359770730137825 0.06931471824645996 0.029099881649017334 -0.13862943649291992 0.0349014587700367
0.016785312443971634 0.06931471824645996 0.031099312007427216 -0.13862943649291992 0.034795671701431274
0.008383264765143394 0.06931471824645996 0.014203078113496304 -0.13862943649291992 0.023960547521710396
0.005348455160856247 0.06931471824645996 0.037900056689977646 -0.13862943649291992 0.032322030514478683
0.007152937352657318 0.06931471824645996 0.04067140072584152 -0.13862943649291992 0.023630868643522263
0.012146234512329102 0.06931471824645996 0.003344327211380005 -0.13862943649291992 0.03018452785909176
0.005967229604721069 0.06931471824645996 0.0044350288808345795 -0.13862943649291992 0.031069494783878326
0.022938722744584084 0.06931471824645996 0.035347599536180496 -0.13862943649291992 0.023770172148942947
0.00820847973227501 0.06931471824645996 0.015755828469991684 -0.13862943649291992 0.03272950276732445
0.0037491917610168457 0.06931471824645996 0.03583143651485443 -0.13862943649291992 0.03402005136013031
0.013150043785572052 0.06931471824645996 0.020117463544011116 -0.13862943649291992 0.041190437972545624
0.0052096061408519745 0.06931471824645996 0.04299551993608475 -0.13862943649291992 0.026504047214984894
0.004482021555304527 0.06931471824645996 0.011126028373837471 -0.13862943649291992 0.03848908096551895
0.026860956102609634 0.06931471824645996 0.021449366584420204 -0.13862943649291992 0.03872767463326454
0.014641482383012772 0.06931471824645996 0.02112386003136635 -0.13862943649291992 0.05740458518266678
0.004796631634235382 0.06931471824645996 0.015118006616830826 -0.13862943649291992 0.05192223936319351
0.022978659719228745 0.06931471824645996 0.012095196172595024 -0.13862943649291992 0.03997527062892914
0.012062400579452515 0.06931471824645996 0.01324416697025299 -0.13862943649291992 0.029607556760311127
0.005277611315250397 0.06931471824645996 0.042044419795274734 -0.13862943649291992 0.03144602105021477
0.004612460732460022 0.06931471824645996 0.06357187032699585 -0.13862943649291992 0.020490024238824844
0.02546609938144684 0.06931471824645996 0.043344877660274506 -0.13862943649291992 0.038174379616975784
0.014055820181965828 0.06931471824645996 0.02005639672279358 -0.13862943649291992 0.03010517731308937
0.005427554249763489 0.06931471824645996 0.031260207295417786 -0.13862943649291992 0.02226904034614563
0.007680181413888931 0.06931471824645996 0.03496763855218887 -0.13862943649291992 0.009620677679777145
0.01861305721104145 0.06931471824645996 0.008014917373657227 -0.13862943649291992 0.03402840346097946
0.00904279388487339 0.06931471824645996 0.024746384471654892 -0.13862943649291992 0.024583639577031136
0.002909049391746521 0.06931471824645996 0.017340781167149544 -0.13862943649291992 0.03671978786587715
0.00805184617638588 0.06931471824645996 0.012545181438326836 -0.13862943649291992 0.041378822177648544
0.006554882973432541 0.06931471824645996 0.023953557014465332 -0.13862943649291992 0.027202723547816277
0.0045212022960186005 0.06931471824645996 0.019202087074518204 -0.13862943649291992 0.024813730269670486
0.01612626388669014 0.06931471824645996 0.009668946266174316 -0.13862943649291992 0.025622669607400894
0.01457005925476551 0.06931471824645996 0.013318704441189766 -0.13862943649291992 0.027574416249990463
0.022065436467528343 0.06931471824645996 0.02739911898970604 -0.13862943649291992 0.016134602949023247
0.011609066277742386 0.06931471824645996 0.013792620971798897 -0.13862943649291992 0.025950245559215546
0.012602614238858223 0.06931471824645996 0.007233163341879845 -0.13862943649291992 0.041250672191381454
0.006080891937017441 0.06931471824645996 0.06624291092157364 -0.13862943649291992 0.044528812170028687
0.01456211693584919 0.06931471824645996 0.013012126088142395 -0.13862943649291992 0.04413881152868271
0.007868066430091858 0.06931471824645996 0.013912936672568321 -0.13862943649291992 0.05077608674764633
0.006940163671970367 0.06931471824645996 0.018171902745962143 -0.13862943649291992 0.03614893555641174
0.003862030804157257 0.06931471824645996 0.0017216391861438751 -0.13862943649291992 0.026498034596443176
