2.2770509719848633 0.07149757444858551 0.29978513717651367 -0.13639529049396515 0.10532452166080475
1.8015495538711548 0.06897618621587753 -2.6679325103759766 -0.13579420745372772 0.12104754149913788
1.4838082790374756 0.06949272006750107 -8.188728332519531 -0.13928258419036865 0.1619628369808197
1.1700693368911743 0.06924058496952057 -12.264947891235352 -0.13853207230567932 0.1936751902103424
0.9199330806732178 0.0691579282283783 -16.190004348754883 -0.13847187161445618 0.22665327787399292
0.7117983102798462 0.06933232396841049 -19.04552459716797 -0.1386515349149704 0.249620258808136
0.5706667304039001 0.06934072822332382 -20.574888229370117 -0.1386745274066925 0.2582226097583771
0.42412230372428894 0.0693221166729927 -23.474462509155273 -0.13865160942077637 0.28282999992370605
0.3171873092651367 0.06931804865598679 -24.979759216308594 -0.13864360749721527 0.2834705412387848
0.4030947983264923 0.06931725144386292 -26.18425178527832 -0.1386384218931198 0.2955634295940399
0.3012462854385376 0.06931980699300766 -27.447391510009766 -0.13863995671272278 0.30051201581954956
0.42417970299720764 0.06931791454553604 -27.52482795715332 -0.13863630592823029 0.3079495429992676
0.3037887513637543 0.06931561976671219 -28.189672470092773 -0.13863293826580048 0.3014217019081116
0.1917334645986557 0.06931547075510025 -29.81467628479004 -0.1386323869228363 0.299209862947464
0.2475803941488266 0.06931571662425995 -29.27379608154297 -0.1386326402425766 0.29766178131103516
0.20670726895332336 0.06931572407484055 -29.733430862426758 -0.13863052427768707 0.2877395749092102
0.14871296286582947 0.06931489706039429 -30.7698974609375 -0.13863007724285126 0.28835341334342957
0.19515322148799896 0.06931497901678085 -30.3530216217041 -0.13863085210323334 0.2837502956390381
0.12079378962516785 0.0693148598074913 -30.559986114501953 -0.1386304348707199 0.28207093477249146
0.1457918882369995 0.06931479275226593 -31.30611801147461 -0.13862961530685425 0.278481662273407
0.11333432793617249 0.06931451708078384 -31.123065948486328 -0.13862954080104828 0.2765456736087799
0.13290415704250336 0.06931459158658981 -30.912038803100586 -0.1386294662952423 0.2716861367225647
0.20939773321151733 0.06931468099355698 -31.419410705566406 -0.13862943649291992 0.263775497674942
0.06516638398170471 0.06931471079587936 -32.08763122558594 -0.13862934708595276 0.26608556509017944
0.09872747212648392 0.06931471079587936 -32.285614013671875 -0.1386294960975647 0.24745073914527893
0.09884025901556015 0.06931471824645996 -32.42021560668945 -0.1386294662952423 0.2471655011177063
0.1415664106607437 0.06931471824645996 -31.824880599975586 -0.13862942159175873 0.24548274278640747
0.09975197911262512 0.06931474059820175 -32.911293029785156 -0.13862943649291992 0.23765847086906433
0.16675476729869843 0.06931471079587936 -32.617366790771484 -0.13862943649291992 0.23546570539474487
0.1246458888053894 0.06931471824645996 -32.62378692626953 -0.13862943649291992 0.22812792658805847
0.13477963209152222 0.06931471079587936 -33.07208251953125 -0.13862943649291992 0.21184727549552917
0.05752073973417282 0.06931471824645996 -33.12275695800781 -0.13862943649291992 0.21380335092544556
0.10524092614650726 0.06931471079587936 -33.14663314819336 -0.13862942159175873 0.21977046132087708
0.1546417474746704 0.06931471079587936 -32.998741149902344 -0.13862942159175873 0.20935538411140442
0.0672464594244957 0.06931471079587936 -33.19938278198242 -0.13862942159175873 0.20347455143928528
0.030902843922376633 0.06931471079587936 -33.184173583984375 -0.13862942159175873 0.2066400647163391
0.10181810706853867 0.06931471079587936 -33.460086822509766 -0.13862942159175873 0.20016412436962128
0.14590153098106384 0.06931471079587936 -33.594329833984375 -0.13862942159175873 0.18632623553276062
0.07694313675165176 0.06931471079587936 -33.37251663208008 -0.13862942159175873 0.18822798132896423
0.08131533116102219 0.06931471079587936 -33.62454605102539 -0.13862942159175873 0.1747896373271942
0.22821643948554993 0.06931471079587936 -33.53056335449219 -0.13862942159175873 0.1734619438648224
0.07900459319353104 0.06931471079587936 -33.80820083618164 -0.13862942159175873 0.16677775979042053
0.04248177632689476 0.06931471079587936 -33.698734283447266 -0.13862942159175873 0.1678599715232849
0.04852873086929321 0.06931471079587936 -33.170650482177734 -0.13862942159175873 0.1802983433008194
0.10328792780637741 0.06931471079587936 -34.175254821777344 -0.13862942159175873 0.16115354001522064
0.020952362567186356 0.06931471079587936 -33.95140075683594 -0.13862942159175873 0.16532666981220245
0.04462828114628792 0.06931471079587936 -34.47177505493164 -0.13862942159175873 0.16035671532154083
0.06841176748275757 0.06931471079587936 -34.03958511352539 -0.13862942159175873 0.14757147431373596
0.05300188809633255 0.06931471079587936 -33.957950592041016 -0.13862942159175873 0.15728776156902313
0.05566107854247093 0.06931471079587936 -34.173866271972656 -0.13862942159175873 0.15116974711418152
0.08208276331424713 0.06931471079587936 -34.55012512207031 -0.13862942159175873 0.14333507418632507
0.1473149061203003 0.06931471079587936 -34.474117279052734 -0.13862942159175873 0.13660354912281036
0.04601328819990158 0.06931471079587936 -34.07290267944336 -0.13862942159175873 0.1457308977842331
0.04637188836932182 0.06931471079587936 -34.195804595947266 -0.13862942159175873 0.13264226913452148
0.03246348723769188 0.06931471079587936 -34.22121047973633 -0.13862942159175873 0.13147865235805511
0.11012952029705048 0.06931471079587936 -34.723182678222656 -0.13862942159175873 0.11866576969623566
0.009224426001310349 0.06931471079587936 -34.556026458740234 -0.13862942159175873 0.11261489242315292
0.03521141782402992 0.06931471079587936 -34.330692291259766 -0.13862942159175873 0.11666002869606018
0.026440521702170372 0.06931471824645996 -33.87314987182617 -0.13862943649291992 0.1184312105178833
0.043951116502285004 0.06931471824645996 -34.4642448425293 -0.13862943649291992 0.11533260345458984
0.01937541924417019 0.06931471824645996 -34.24338150024414 -0.13862943649291992 0.11230331659317017
0.10072898864746094 0.06931471824645996 -34.439308166503906 -0.13862943649291992 0.12319299578666687
0.043746959418058395 0.06931471824645996 -34.35610580444336 -0.13862943649291992 0.11642171442508698
0.04625053331255913 0.06931471824645996 -34.67066955566406 -0.13862943649291992 0.11395890265703201
0.06152831017971039 0.06931471824645996 -34.48945617675781 -0.13862943649291992 0.1106397807598114
0.12577125430107117 0.06931471824645996 -34.8338737487793 -0.13862943649291992 0.10132141411304474
0.020673619583249092 0.06931471824645996 -34.75773620605469 -0.13862943649291992 0.09663522243499756
0.018536001443862915 0.06931471824645996 -34.63017272949219 -0.13862943649291992 0.09080325812101364
0.042554862797260284 0.06931471824645996 -34.486412048339844 -0.13862943649291992 0.1082971841096878
0.08481007814407349 0.06931471824645996 -33.84919357299805 -0.13862943649291992 0.11474450677633286
0.10802759230136871 0.06931471824645996 -34.663673400878906 -0.13862943649291992 0.10212093591690063
0.04323429614305496 0.06931471824645996 -34.49592208862305 -0.13862943649291992 0.10024476796388626
0.06055356562137604 0.06931471824645996 -34.0643310546875 -0.13862943649291992 0.09832440316677094
0.015433041378855705 0.06931471824645996 -34.68173599243164 -0.13862943649291992 0.08974073827266693
0.061184726655483246 0.06931471824645996 -34.32522964477539 -0.13862943649291992 0.10593822598457336
0.05543270334601402 0.06931471824645996 -34.595123291015625 -0.13862943649291992 0.08741851150989532
0.0844510942697525 0.06931471824645996 -34.66707992553711 -0.13862943649291992 0.09850379079580307
0.08080267906188965 0.06931471824645996 -34.93929672241211 -0.13862943649291992 0.0804900974035263
0.06470045447349548 0.06931471824645996 -34.33352279663086 -0.13862943649291992 0.09933289885520935
0.10082629323005676 0.06931471824645996 -34.20984649658203 -0.13862943649291992 0.1022556871175766
0.13798454403877258 0.06931471824645996 -34.557987213134766 -0.13862943649291992 0.08809420466423035
0.015128057450056076 0.06931471824645996 -34.81275177001953 -0.13862943649291992 0.0811883807182312
0.04528665542602539 0.06931471824645996 -34.479400634765625 -0.13862943649291992 0.09382063150405884
0.04715754836797714 0.06931471079587936 -34.41807174682617 -0.13862942159175873 0.09498007595539093
0.011645462363958359 0.06931471824645996 -34.4948844909668 -0.13862942159175873 0.09426778554916382
0.0562494620680809 0.06931471079587936 -34.67123794555664 -0.13862943649291992 0.08115127682685852
0.13318578898906708 0.06931471824645996 -34.78306579589844 -0.13862942159175873 0.07209254056215286
0.06542572379112244 0.06931471079587936 -34.81485366821289 -0.13862943649291992 0.0693281963467598
0.04606596753001213 0.06931471079587936 -34.660987854003906 -0.13862942159175873 0.08851979672908783
0.015417743474245071 0.06931471079587936 -34.374855041503906 -0.13862942159175873 0.07918199151754379
0.02605007216334343 0.06931471824645996 -34.10306930541992 -0.13862943649291992 0.08199353516101837
0.016161266714334488 0.06931471824645996 -34.4994010925293 -0.13862943649291992 0.07330234348773956
0.03414543345570564 0.06931471824645996 -34.823936462402344 -0.13862943649291992 0.0701114758849144
0.031209249049425125 0.06931471824645996 -34.754241943359375 -0.13862943649291992 0.07662838697433472
0.0525093600153923 0.06931471824645996 -34.494293212890625 -0.13862943649291992 0.06967483460903168
0.01675480790436268 0.06931471824645996 -35.054691314697266 -0.13862943649291992 0.06727293133735657
0.02914542332291603 0.06931471824645996 -34.551429748535156 -0.13862943649291992 0.08316414058208466
0.030921967700123787 0.06931471824645996 -34.25696563720703 -0.13862943649291992 0.06979702413082123
0.01743384636938572 0.06931471824645996 -34.84751510620117 -0.13862942159175873 0.07926078140735626
0.0865749940276146 0.06931471079587936 -34.39414596557617 -0.13862942159175873 0.08361675590276718
0.018273664638400078 0.06931471824645996 -34.810482025146484 -0.13862943649291992 0.07326608896255493
0.007234580814838409 0.06931471824645996 -35.168243408203125 -0.13862943649291992 0.0742192268371582
0.14496193826198578 0.06931471824645996 -34.573814392089844 -0.13862943649291992 0.08264872431755066
0.09282200038433075 0.06931471079587936 -34.9735221862793 -0.13862943649291992 0.0629376545548439
0.06445391476154327 0.06931471079587936 -34.943634033203125 -0.13862942159175873 0.05888029932975769
0.05810939520597458 0.06931471824645996 -34.775062561035156 -0.13862942159175873 0.0706954300403595
0.03780663013458252 0.06931471824645996 -34.85804748535156 -0.13862943649291992 0.06595560908317566
0.08754757046699524 0.06931471824645996 -34.680850982666016 -0.13862943649291992 0.061415404081344604
0.07444289326667786 0.06931471079587936 -34.84410095214844 -0.13862943649291992 0.06401531398296356
0.1385824829339981 0.06931471824645996 -34.3611946105957 -0.13862943649291992 0.07055653631687164
0.09584251791238785 0.06931471824645996 -34.78554153442383 -0.13862943649291992 0.05470810830593109
0.034442879259586334 0.06931471079587936 -34.61806869506836 -0.13862943649291992 0.06930405646562576
0.12161840498447418 0.06931471824645996 -34.877784729003906 -0.13862943649291992 0.05640801787376404
0.05979723855853081 0.06931471824645996 -35.0058708190918 -0.13862943649291992 0.05683989077806473
0.024881066754460335 0.06931471824645996 -34.93490219116211 -0.13862943649291992 0.06146934628486633
0.061521921306848526 0.06931471079587936 -34.57281494140625 -0.13862943649291992 0.0688890665769577
0.0022660475224256516 0.06931471824645996 -35.25780487060547 -0.13862943649291992 0.05103793740272522
0.025656813755631447 0.06931471079587936 -34.97934341430664 -0.13862943649291992 0.054517969489097595
0.01796121895313263 0.06931471824645996 -35.2547607421875 -0.13862943649291992 0.05232561379671097
0.009518437087535858 0.06931471824645996 -34.80061721801758 -0.13862943649291992 0.06002581864595413
0.09011183679103851 0.06931471824645996 -35.0355339050293 -0.13862943649291992 0.0521354004740715
0.04595077782869339 0.06931471824645996 -34.53921127319336 -0.13862943649291992 0.07076738774776459
0.036894187331199646 0.06931471824645996 -35.189002990722656 -0.13862943649291992 0.06465450674295425
0.158377543091774 0.06931471824645996 -34.982749938964844 -0.13862943649291992 0.0599009245634079
0.01397336833178997 0.06931471824645996 -34.97858810424805 -0.13862943649291992 0.051482152193784714
0.030351433902978897 0.06931471824645996 -34.94758987426758 -0.13862943649291992 0.05052421987056732
0.029465248808264732 0.06931471824645996 -34.9761848449707 -0.13862943649291992 0.07239525020122528
0.08360788226127625 0.06931471824645996 -34.921653747558594 -0.13862943649291992 0.05187402665615082
0.019797012209892273 0.06931471824645996 -34.778358459472656 -0.13862943649291992 0.05936829000711441
0.08998234570026398 0.06931471824645996 -35.27778625488281 -0.13862943649291992 0.04765687137842178
0.025632180273532867 0.06931471824645996 -35.164215087890625 -0.13862943649291992 0.061895452439785004
0.03598572686314583 0.06931471824645996 -35.21529769897461 -0.13862943649291992 0.04234161227941513
0.008023234084248543 0.06931471824645996 -34.33461380004883 -0.13862943649291992 0.058448486030101776
0.09253684431314468 0.06931471824645996 -34.67692565917969 -0.13862943649291992 0.05977120250463486
0.01971619762480259 0.06931471824645996 -34.51347351074219 -0.13862943649291992 0.05521006137132645
0.03870512545108795 0.06931471824645996 -34.8202018737793 -0.13862943649291992 0.044785015285015106
0.08655768632888794 0.06931471824645996 -35.12651824951172 -0.13862943649291992 0.04290543496608734
0.0013271123170852661 0.06931471824645996 -35.04427719116211 -0.13862943649291992 0.049171917140483856
0.040503159165382385 0.06931471824645996 -34.74381637573242 -0.13862943649291992 0.048519596457481384
0.02398591674864292 0.06931471824645996 -34.746177673339844 -0.13862943649291992 0.05192852392792702
0.007702745497226715 0.06931471824645996 -35.222503662109375 -0.13862943649291992 0.058158643543720245
0.039021994918584824 0.06931471824645996 -34.60445022583008 -0.13862943649291992 0.06580332666635513
0.03576381504535675 0.06931471824645996 -34.81839370727539 -0.13862943649291992 0.045460883527994156
0.004744388163089752 0.06931471824645996 -34.712581634521484 -0.13862943649291992 0.05918918177485466
0.09382276237010956 0.06931471824645996 -34.898441314697266 -0.13862943649291992 0.062379539012908936
0.039520714432001114 0.06931471824645996 -35.231197357177734 -0.13862943649291992 0.0621681809425354
0.10335636138916016 0.06931471824645996 -34.58483123779297 -0.13862943649291992 0.040736980736255646
0.024495987221598625 0.06931471824645996 -35.262935638427734 -0.13862943649291992 0.037970587611198425
0.004363683983683586 0.06931471824645996 -34.820091247558594 -0.13862943649291992 0.041702624410390854
0.010427670553326607 0.06931471824645996 -34.71284866333008 -0.13862943649291992 0.0574021115899086
0.01725241355597973 0.06931471824645996 -34.740020751953125 -0.13862943649291992 0.04899805784225464
0.07270927727222443 0.06931471824645996 -34.9356575012207 -0.13862943649291992 0.04687335342168808
0.01991545781493187 0.06931471824645996 -34.80929946899414 -0.13862943649291992 0.04926319047808647
0.011036642827093601 0.06931471824645996 -34.55010986328125 -0.13862943649291992 0.04952070862054825
0.03813072666525841 0.06931471824645996 -34.578529357910156 -0.13862943649291992 0.04733511060476303
0.016212500631809235 0.06931471824645996 -35.083438873291016 -0.13862943649291992 0.04239307716488838
0.009640710428357124 0.06931471824645996 -35.180416107177734 -0.13862943649291992 0.045640729367733
0.006064321845769882 0.06931471824645996 -35.070472717285156 -0.13862943649291992 0.0379633828997612
0.05220334231853485 0.06931471824645996 -34.83852005004883 -0.13862943649291992 0.04725328087806702
0.02765079401433468 0.06931471824645996 -34.993980407714844 -0.13862943649291992 0.04746607691049576
0.009664035402238369 0.06931471824645996 -34.84152603149414 -0.13862943649291992 0.05396160110831261
0.017569230869412422 0.06931471824645996 -34.97218704223633 -0.13862943649291992 0.05930589884519577
0.040909118950366974 0.06931471824645996 -34.841617584228516 -0.13862943649291992 0.05037066340446472
0.015871534124016762 0.06931471824645996 -34.59547805786133 -0.13862943649291992 0.055927738547325134
0.004101632162928581 0.06931471824645996 -35.32277297973633 -0.13862943649291992 0.03562651202082634
0.03346089646220207 0.06931471824645996 -35.306427001953125 -0.13862943649291992 0.03548663482069969
0.005264077335596085 0.06931471824645996 -34.76644515991211 -0.13862943649291992 0.0414794497191906
0.028221774846315384 0.06931471824645996 -34.619361877441406 -0.13862943649291992 0.051231749355793
0.021326011046767235 0.06931471824645996 -35.397335052490234 -0.13862943649291992 0.03719685599207878
0.03502917289733887 0.06931471824645996 -34.97856903076172 -0.13862943649291992 0.0416778139770031
0.010130620561540127 0.06931471824645996 -34.437740325927734 -0.13862943649291992 0.05229054018855095
0.02022060565650463 0.06931471824645996 -34.89091491699219 -0.13862943649291992 0.04718034714460373
0.028953125700354576 0.06931471824645996 -35.14518737792969 -0.13862943649291992 0.03908612206578255
0.03658269718289375 0.06931471824645996 -34.53373718261719 -0.13862943649291992 0.04777481034398079
0.025785941630601883 0.06931471824645996 -34.66302490234375 -0.13862943649291992 0.051411572843790054
0.03352930024266243 0.06931471824645996 -35.175270080566406 -0.13862943649291992 0.037385281175374985
0.04066045954823494 0.06931471824645996 -34.861637115478516 -0.13862943649291992 0.03450284153223038
0.00754164345562458 0.06931471824645996 -35.20981979370117 -0.13862943649291992 0.029268015176057816
0.06864961981773376 0.06931471824645996 -34.77576446533203 -0.13862943649291992 0.05230154097080231
0.010831080377101898 0.06931471824645996 -33.45466613769531 -0.13862943649291992 0.054059382528066635
0.03991832956671715 0.06931471824645996 -34.79481887817383 -0.13862943649291992 0.041908979415893555
0.02250511385500431 0.06931471824645996 -34.5639533996582 -0.13862943649291992 0.03976316750049591
0.0024744905531406403 0.06931471824645996 -34.997501373291016 -0.13862943649291992 0.044894203543663025
0.062116146087646484 0.06931471824645996 -34.991573333740234 -0.13862943649291992 0.041489578783512115
0.012683876790106297 0.06931471824645996 -34.94925308227539 -0.13862943649291992 0.0470791831612587
0.02767975814640522 0.06931471824645996 -34.829532623291016 -0.13862943649291992 0.04143852740526199
0.013035607524216175 0.06931471824645996 -35.132408142089844 -0.13862943649291992 0.04637126624584198
0.0752313956618309 0.06931471824645996 -34.744503021240234 -0.13862943649291992 0.041813913732767105
0.006373349577188492 0.06931471824645996 -35.16292953491211 -0.13862943649291992 0.03760256618261337
0.04980979859828949 0.06931471824645996 -34.964210510253906 -0.13862943649291992 0.02992427907884121
0.04168502241373062 0.06931471824645996 -35.102149963378906 -0.13862943649291992 0.039611756801605225
0.01544923335313797 0.06931471824645996 -34.997154235839844 -0.13862943649291992 0.04094170406460762
0.002892453223466873 0.06931471824645996 -34.99222183227539 -0.13862943649291992 0.039368968456983566
0.06953629106283188 0.06931471824645996 -35.0560188293457 -0.13862943649291992 0.05329396575689316
0.015580560080707073 0.06931471824645996 -34.4359130859375 -0.13862943649291992 0.056781105697155
0.09450709074735641 0.06931471824645996 -34.640419006347656 -0.13862943649291992 0.051873981952667236
0.03990192711353302 0.06931471824645996 -34.856712341308594 -0.13862943649291992 0.03987714275717735
0.13077698647975922 0.06931471824645996 -35.267242431640625 -0.13862943649291992 0.03861527517437935
0.004170086234807968 0.06931471824645996 -34.89990997314453 -0.13862943649291992 0.03833238407969475
0.036034561693668365 0.06931471824645996 -34.229576110839844 -0.13862943649291992 0.04139942675828934
0.012671489268541336 0.06931471824645996 -34.86945343017578 -0.13862943649291992 0.03339587152004242
0.0370948426425457 0.06931471824645996 -35.2118034362793 -0.13862943649291992 0.03824324160814285
0.0037728063762187958 0.06931471824645996 -35.30928421020508 -0.13862943649291992 0.03499465435743332
0.0076288990676403046 0.06931471824645996 -35.22313690185547 -0.13862943649291992 0.02453012578189373
0.019912907853722572 0.06931471824645996 -34.861148834228516 -0.13862943649291992 0.04908967763185501
0.11868079751729965 0.06931471824645996 -35.01896667480469 -0.13862943649291992 0.03343497961759567
0.036034684628248215 0.06931471824645996 -35.23910903930664 -0.13862943649291992 0.033466532826423645
0.03586031123995781 0.06931471824645996 -35.11317825317383 -0.13862943649291992 0.022285090759396553
0.013266155496239662 0.06931471824645996 -34.96012878417969 -0.13862943649291992 0.037121258676052094
0.013472823426127434 0.06931471824645996 -35.09589385986328 -0.13862943649291992 0.03240704536437988
0.011700044386088848 0.06931471824645996 -35.03410339355469 -0.13862943649291992 0.028279978781938553
0.01748068816959858 0.06931471824645996 -35.185794830322266 -0.13862943649291992 0.024981744587421417
0.025747211650013924 0.06931471824645996 -34.1051139831543 -0.13862943649291992 0.03722333163022995
0.09681889414787292 0.06931471824645996 -34.699134826660156 -0.13862943649291992 0.03556401655077934
0.028742412105202675 0.06931471824645996 -35.013370513916016 -0.13862943649291992 0.03714676573872566
0.014170014299452305 0.06931471824645996 -35.05107498168945 -0.13862943649291992 0.03985929116606712
0.07077320665121078 0.06931471824645996 -35.140384674072266 -0.13862943649291992 0.034204669296741486
0.02438955567777157 0.06931471824645996 -34.974369049072266 -0.13862943649291992 0.04436001926660538
0.06396865844726562 0.06931471824645996 -35.300811767578125 -0.13862943649291992 0.026319896802306175
0.0414041131734848 0.06931471824645996 -35.00160598754883 -0.13862943649291992 0.027354765683412552
0.01341850496828556 0.06931471824645996 -35.01473617553711 -0.13862943649291992 0.04744534566998482
0.2165127843618393 0.06931471824645996 -34.87196350097656 -0.13862943649291992 0.03530151769518852
0.01531663816422224 0.06931471824645996 -34.98493194580078 -0.13862943649291992 0.04217520356178284
0.016514502465724945 0.06931471824645996 -35.17229080200195 -0.13862943649291992 0.024600859731435776
0.03257766366004944 0.06931471824645996 -34.81270980834961 -0.13862943649291992 0.025490285828709602
0.020313549786806107 0.06931471824645996 -34.91765213012695 -0.13862943649291992 0.03818381950259209
0.0202656127512455 0.06931471824645996 -34.45166015625 -0.13862943649291992 0.039382584393024445
0.006104055792093277 0.06931471824645996 -35.45874786376953 -0.13862943649291992 0.025076134130358696
0.05204087495803833 0.06931471824645996 -35.02770233154297 -0.13862943649291992 0.034391842782497406
0.007953442633152008 0.06931471824645996 -35.357093811035156 -0.13862943649291992 0.0288461372256279
0.09272365272045135 0.06931471824645996 -34.888370513916016 -0.13862943649291992 0.03240743279457092
0.00270729698240757 0.06931471824645996 -34.62990951538086 -0.13862943649291992 0.0456727109849453
0.005463426932692528 0.06931471824645996 -35.17560577392578 -0.13862943649291992 0.036135341972112656
0.013392975553870201 0.06931471824645996 -35.02184295654297 -0.13862943649291992 0.022057434543967247
0.021255843341350555 0.06931471824645996 -34.925758361816406 -0.13862943649291992 0.036599013954401016
0.06017142906785011 0.06931471824645996 -34.806060791015625 -0.13862943649291992 0.039398230612277985
0.016262628138065338 0.06931471824645996 -35.30228805541992 -0.13862943649291992 0.027874933555722237
0.009144680574536324 0.06931471824645996 -34.71644973754883 -0.13862943649291992 0.03724974766373634
0.049145881086587906 0.06931471824645996 -35.05189895629883 -0.13862943649291992 0.03810509666800499
0.018559211865067482 0.06931471824645996 -35.16101837158203 -0.13862943649291992 0.03287450224161148
0.00871453620493412 0.06931471824645996 -35.283363342285156 -0.13862943649291992 0.027113374322652817
0.05627959221601486 0.06931471824645996 -34.660377502441406 -0.13862943649291992 0.034778136759996414
0.06065688282251358 0.06931471824645996 -34.593082427978516 -0.13862943649291992 0.03677550330758095
0.01735440269112587 0.06931471824645996 -35.29354476928711 -0.13862943649291992 0.02609337866306305
0.01837218925356865 0.06931471824645996 -35.10699462890625 -0.13862943649291992 0.031221620738506317
0.03314255177974701 0.06931471824645996 -35.0625 -0.13862943649291992 0.029910124838352203
0.041656605899333954 0.06931471824645996 -34.72602844238281 -0.13862943649291992 0.03908125311136246
0.06299480050802231 0.06931471824645996 -35.354793548583984 -0.13862943649291992 0.025708727538585663
0.0181904137134552 0.06931471824645996 -34.738739013671875 -0.13862943649291992 0.04622062295675278
0.03695588931441307 0.06931471824645996 -35.059627532958984 -0.13862943649291992 0.031150396913290024
0.08784770220518112 0.06931471824645996 -35.172420501708984 -0.13862943649291992 0.02508992701768875
0.04852409288287163 0.06931471824645996 -35.30344772338867 -0.13862943649291992 0.025854159146547318
0.023742305114865303 0.06931471824645996 -34.76927947998047 -0.13862943649291992 0.0334838405251503
0.06596061587333679 0.06931471824645996 -35.0900993347168 -0.13862943649291992 0.03570551425218582
0.007440375164151192 0.06931471824645996 -34.99563217163086 -0.13862943649291992 0.026045164093375206
0.0046322960406541824 0.06931471824645996 -35.02228927612305 -0.13862943649291992 0.03658412769436836
0.10171154141426086 0.06931471824645996 -35.195858001708984 -0.13862943649291992 0.031657490879297256
0.009797733277082443 0.06931471824645996 -34.751712799072266 -0.13862943649291992 0.04109412431716919
0.01993584632873535 0.06931471824645996 -34.7261962890625 -0.13862943649291992 0.02913283184170723
0.04338908940553665 0.06931471824645996 -35.212562561035156 -0.13862943649291992 0.0328884981572628
0.026752008125185966 0.06931471824645996 -34.87581253051758 -0.13862943649291992 0.029307225719094276
0.006956659257411957 0.06931471824645996 -35.13245391845703 -0.13862943649291992 0.03257131576538086
0.022169264033436775 0.06931471824645996 -34.77400588989258 -0.13862943649291992 0.031400781124830246
0.021277455613017082 0.06931471824645996 -35.2569465637207 -0.13862943649291992 0.029549097642302513
0.03466958925127983 0.06931471824645996 -34.90513229370117 -0.13862943649291992 0.029798679053783417
0.04386775568127632 0.06931471824645996 -34.60158920288086 -0.13862943649291992 0.03162963315844536
0.015121957287192345 0.06931471824645996 -34.7573127746582 -0.13862943649291992 0.02655373141169548
0.017209399491548538 0.06931471824645996 -34.96722412109375 -0.13862943649291992 0.04248930513858795
0.014862000942230225 0.06931471824645996 -35.08491516113281 -0.13862943649291992 0.03589562326669693
0.005894800648093224 0.06931471824645996 -34.87177276611328 -0.13862943649291992 0.037432290613651276
0.007518066093325615 0.06931471824645996 -34.36579513549805 -0.13862943649291992 0.04234934598207474
0.0034641027450561523 0.06931471824645996 -35.29481887817383 -0.13862943649291992 0.026115305721759796
0.09839721024036407 0.06931471824645996 -34.49385452270508 -0.13862943649291992 0.03355349227786064
0.046530868858098984 0.06931471824645996 -35.360557556152344 -0.13862943649291992 0.037089668214321136
0.05904283747076988 0.06931471824645996 -34.70197677612305 -0.13862943649291992 0.032737284898757935
0.03233104944229126 0.06931471824645996 -35.15100860595703 -0.13862943649291992 0.027670780196785927
0.05874268338084221 0.06931471824645996 -34.84846496582031 -0.13862943649291992 0.03598525747656822
0.04434439167380333 0.06931471824645996 -34.92613220214844 -0.13862943649291992 0.03622341901063919
0.06940063834190369 0.06931471824645996 -35.01951217651367 -0.13862943649291992 0.031716860830783844
0.009264050051569939 0.06931471824645996 -35.15553665161133 -0.13862943649291992 0.025774922221899033
0.09928975999355316 0.06931471824645996 -35.10853958129883 -0.13862943649291992 0.021136894822120667
0.04349358752369881 0.06931471824645996 -35.18399429321289 -0.13862943649291992 0.03574380278587341
0.09926438331604004 0.06931471824645996 -35.096866607666016 -0.13862943649291992 0.0238924790173769
0.005687050521373749 0.06931471824645996 -35.060550689697266 -0.13862943649291992 0.030777383595705032
0.006931789219379425 0.06931471824645996 -34.739585876464844 -0.13862943649291992 0.03130430728197098
0.0054328553378582 0.06931471824645996 -34.905426025390625 -0.13862943649291992 0.035871200263500214
0.028602752834558487 0.06931471824645996 -35.38542556762695 -0.13862943649291992 0.04068942740559578
0.021205361932516098 0.06931471824645996 -35.189083099365234 -0.13862943649291992 0.031585484743118286
0.07220134884119034 0.06931471824645996 -34.47644805908203 -0.13862943649291992 0.02886989712715149
0.01941460743546486 0.06931471824645996 -35.225181579589844 -0.13862943649291992 0.025828782469034195
0.016469309106469154 0.06931471824645996 -35.10871124267578 -0.13862943649291992 0.028373699635267258
0.022366821765899658 0.06931471824645996 -34.61040496826172 -0.13862943649291992 0.040542926639318466
0.046828918159008026 0.06931471824645996 -35.13901901245117 -0.13862943649291992 0.03010338544845581
0.017347844317555428 0.06931471824645996 -35.00113296508789 -0.13862943649291992 0.02225201204419136
0.0026741232722997665 0.06931471824645996 -35.245872497558594 -0.13862943649291992 0.030921222642064095
0.04301977530121803 0.06931471824645996 -35.302940368652344 -0.13862943649291992 0.03125414997339249
0.012451693415641785 0.06931471824645996 -35.3494758605957 -0.13862943649291992 0.024030324071645737
0.05558547005057335 0.06931471824645996 -35.37578201293945 -0.13862943649291992 0.02783828228712082
0.015155596658587456 0.06931471824645996 -35.076927185058594 -0.13862943649291992 0.0253149401396513
0.01353529840707779 0.06931471824645996 -35.136810302734375 -0.13862943649291992 0.02750246599316597
