2.303023338317871 0.0723128616809845 6.999144554138184 -0.13987918198108673 0.10780110210180283
1.8787318468093872 0.06986650824546814 6.400787353515625 -0.1399993747472763 0.1183575913310051
1.3642065525054932 0.06835591793060303 5.866183280944824 -0.13691921532154083 0.16603624820709229
1.1199406385421753 0.06927518546581268 5.493445873260498 -0.1383633315563202 0.2052968442440033
0.9805139899253845 0.06931358575820923 5.117063999176025 -0.13861148059368134 0.23674768209457397
0.6726297736167908 0.06932796537876129 4.924108982086182 -0.13867752254009247 0.26395463943481445
0.5294865369796753 0.06931697577238083 4.563401699066162 -0.13863518834114075 0.2816385328769684
0.3970321714878082 0.0692930668592453 4.288496017456055 -0.1385798305273056 0.2909787893295288
0.2885367274284363 0.06927434355020523 4.178341388702393 -0.13853800296783447 0.30829185247421265
0.2529526352882385 0.06927966326475143 3.9337313175201416 -0.1385466754436493 0.3063683807849884
0.2588862180709839 0.06926292181015015 3.781505584716797 -0.13850581645965576 0.3145085573196411
0.2504989504814148 0.06926202774047852 3.7139060497283936 -0.13852882385253906 0.3238510489463806
0.22927036881446838 0.06926023960113525 3.500971555709839 -0.13852211833000183 0.31771233677864075
0.18207257986068726 0.06926047056913376 3.3723719120025635 -0.13852675259113312 0.3173750638961792
0.19546076655387878 0.06928091496229172 3.2956135272979736 -0.13856402039527893 0.31474369764328003
0.14806711673736572 0.06928910315036774 3.2147810459136963 -0.13857972621917725 0.3163163661956787
0.19274084270000458 0.06929134577512741 3.117687463760376 -0.13857723772525787 0.3131365180015564
0.11199834942817688 0.06929352879524231 2.797269821166992 -0.13858376443386078 0.3095548152923584
0.14838647842407227 0.06929405778646469 2.8245790004730225 -0.1385926753282547 0.30719122290611267
0.14840760827064514 0.06929845362901688 2.6576404571533203 -0.13859862089157104 0.2959650456905365
0.08275633305311203 0.06930135190486908 2.5376884937286377 -0.13860321044921875 0.30246952176094055
0.13618414103984833 0.06930504739284515 2.6422646045684814 -0.1386098712682724 0.28890734910964966
0.08261142671108246 0.06930623203516006 2.385744333267212 -0.13861271739006042 0.2899287939071655
0.0983390286564827 0.06930739432573318 2.305995225906372 -0.1386152058839798 0.2904457747936249
0.1189914420247078 0.0693085715174675 2.2722079753875732 -0.13861693441867828 0.2805122435092926
0.08477450907230377 0.06930997967720032 2.1544575691223145 -0.13861986994743347 0.2729891538619995
0.055044446140527725 0.06931110471487045 1.952070713043213 -0.13862204551696777 0.2713179588317871
0.09171563386917114 0.06931192427873611 1.972325086593628 -0.13862358033657074 0.2749987244606018
0.059925056993961334 0.06931247562170029 1.9033280611038208 -0.13862495124340057 0.2624870538711548
0.0416984036564827 0.06931305676698685 1.8963110446929932 -0.13862599432468414 0.255854994058609
0.08073024451732635 0.0693133994936943 1.740600347518921 -0.13862667977809906 0.24689283967018127
0.06753960996866226 0.069313645362854 1.706848382949829 -0.13862727582454681 0.2409173548221588
0.057781968265771866 0.06931383907794952 1.5814543962478638 -0.13862758874893188 0.23554891347885132
0.06714214384555817 0.06931401789188385 1.4656834602355957 -0.13862799108028412 0.23299184441566467
0.050982214510440826 0.0693141520023346 1.5405232906341553 -0.13862834870815277 0.23076926171779633
0.05744965746998787 0.06931423395872116 1.524815320968628 -0.1386284977197647 0.22519704699516296
0.05477168411016464 0.06931430101394653 1.4466371536254883 -0.13862860202789307 0.2225499302148819
0.07767423987388611 0.0693143755197525 1.40566086769104 -0.13862872123718262 0.20976519584655762
0.03227579966187477 0.06931441277265549 1.2595447301864624 -0.13862882554531097 0.21951203048229218
0.033980511128902435 0.06931444257497787 1.2657583951950073 -0.13862888514995575 0.21655762195587158
0.05819428712129593 0.06931447237730026 1.2147347927093506 -0.13862894475460052 0.20309284329414368
0.049428585916757584 0.06931450217962265 1.1353175640106201 -0.1386290043592453 0.2003284990787506
0.0452394112944603 0.06931451708078384 1.2254281044006348 -0.1386290341615677 0.20073112845420837
0.04070756211876869 0.06931453198194504 1.1262434720993042 -0.13862906396389008 0.1871921569108963
0.0425487719476223 0.06931455433368683 1.0883569717407227 -0.13862910866737366 0.19574430584907532
0.03629684075713158 0.06931456178426743 1.085713505744934 -0.13862912356853485 0.17839667201042175
0.055152777582407 0.06931456923484802 1.0117762088775635 -0.13862913846969604 0.1723758429288864
0.0702286809682846 0.06931457668542862 1.0584373474121094 -0.13862915337085724 0.1694549322128296
0.016826476901769638 0.06931458413600922 0.8945454359054565 -0.13862915337085724 0.16980451345443726
0.014282398857176304 0.06931459158658981 0.8413816690444946 -0.13862918317317963 0.16329637169837952
0.018167899921536446 0.06931459158658981 0.9170590043067932 -0.13862918317317963 0.16348057985305786
0.03398901969194412 0.06931459158658981 0.9136055707931519 -0.13862918317317963 0.15855026245117188
0.041801076382398605 0.06931459903717041 0.8314641118049622 -0.13862919807434082 0.15457198023796082
0.02979775331914425 0.0693146139383316 0.9385350942611694 -0.1386292278766632 0.154849112033844
0.015147686004638672 0.0693146139383316 0.7617343664169312 -0.1386292278766632 0.14984555542469025
0.052183061838150024 0.0693146139383316 0.7598623037338257 -0.1386292278766632 0.1464921236038208
0.023590557277202606 0.0693146139383316 0.6496259570121765 -0.1386292278766632 0.1481330692768097
0.030775342136621475 0.0693146139383316 0.6910147666931152 -0.1386292278766632 0.15228807926177979
0.0394449383020401 0.0693146213889122 0.7678770422935486 -0.1386292427778244 0.13618391752243042
0.016508370637893677 0.0693146288394928 0.6982970833778381 -0.1386292427778244 0.14461778104305267
0.05426110699772835 0.0693146288394928 0.6751646995544434 -0.1386292576789856 0.13500624895095825
0.01576393097639084 0.0693146288394928 0.640680730342865 -0.1386292576789856 0.12882238626480103
0.012294887565076351 0.0693146288394928 0.6216455698013306 -0.1386292576789856 0.12882691621780396
0.015507525764405727 0.0693146288394928 0.5426220297813416 -0.1386292576789856 0.14076979458332062
0.010994162410497665 0.0693146362900734 0.5590288639068604 -0.1386292725801468 0.1277022361755371
0.030499814078211784 0.0693146362900734 0.557044267654419 -0.1386292725801468 0.11636503040790558
0.012591012753546238 0.0693146362900734 0.5420147180557251 -0.1386292725801468 0.11964570730924606
0.017044831067323685 0.0693146362900734 0.6134677529335022 -0.1386292725801468 0.1240675300359726
0.0164465494453907 0.0693146362900734 0.5411862134933472 -0.1386292725801468 0.10599878430366516
0.025080857798457146 0.06931464374065399 0.49863940477371216 -0.13862928748130798 0.11021328717470169
0.008841256611049175 0.06931464374065399 0.4352862238883972 -0.13862928748130798 0.11292163282632828
0.016464149579405785 0.06931464374065399 0.5274404287338257 -0.13862928748130798 0.10074646770954132
0.03582075610756874 0.06931464374065399 0.5306936502456665 -0.13862928748130798 0.12043257802724838
0.038726311177015305 0.06931464374065399 0.5302928686141968 -0.13862928748130798 0.10061289370059967
0.016070041805505753 0.06931465119123459 0.4380449950695038 -0.13862930238246918 0.10567040741443634
0.025549206882715225 0.06931465119123459 0.4931190609931946 -0.13862930238246918 0.10528755187988281
0.015277322381734848 0.06931465119123459 0.48263493180274963 -0.13862930238246918 0.1038961336016655
0.029165329411625862 0.06931465119123459 0.44628000259399414 -0.13862930238246918 0.09966160356998444
0.023099597543478012 0.06931465119123459 0.48404988646507263 -0.13862930238246918 0.09166857600212097
0.03190978616476059 0.06931465119123459 0.4570433795452118 -0.13862930238246918 0.09705035388469696
0.02171199582517147 0.06931465119123459 0.4281481206417084 -0.13862930238246918 0.09108254313468933
0.011983122676610947 0.06931465119123459 0.410271555185318 -0.13862930238246918 0.08386863023042679
0.013050997629761696 0.06931465864181519 0.4017927050590515 -0.13862931728363037 0.0953134149312973
0.009508267045021057 0.06931465864181519 0.32000821828842163 -0.13862931728363037 0.08924797177314758
0.013396326452493668 0.06931465864181519 0.3205072581768036 -0.13862931728363037 0.0849316418170929
0.01727873459458351 0.06931465864181519 0.4001215100288391 -0.13862931728363037 0.08782896399497986
0.015806760638952255 0.06931465864181519 0.31696733832359314 -0.13862934708595276 0.08509524166584015
0.01139059104025364 0.06931467354297638 0.34655702114105225 -0.13862934708595276 0.08809429407119751
0.01764530874788761 0.06931467354297638 0.37886303663253784 -0.13862934708595276 0.08011005818843842
0.030314801260828972 0.06931467354297638 0.3078339695930481 -0.13862934708595276 0.08150614798069
0.029096733778715134 0.06931467354297638 0.3002909719944 -0.13862934708595276 0.07161738723516464
0.013154237531125546 0.06931467354297638 0.31829431653022766 -0.13862934708595276 0.07540684938430786
0.00865068007260561 0.06931467354297638 0.33582592010498047 -0.13862936198711395 0.08499318361282349
0.039537642151117325 0.06931467354297638 0.3008234202861786 -0.13862934708595276 0.08613236248493195
0.0305007491260767 0.06931467354297638 0.330331414937973 -0.13862934708595276 0.08514250814914703
0.016918275505304337 0.06931468099355698 0.3270798623561859 -0.13862936198711395 0.07976935803890228
0.021944934502243996 0.06931468099355698 0.34965163469314575 -0.13862936198711395 0.07596711814403534
0.016791891306638718 0.06931468099355698 0.25794920325279236 -0.13862936198711395 0.06634128093719482
0.010402501560747623 0.06931468099355698 0.29784271121025085 -0.13862936198711395 0.07216697931289673
0.017350047826766968 0.06931468099355698 0.3170495629310608 -0.13862936198711395 0.07207079231739044
0.008758768439292908 0.06931468099355698 0.3508683145046234 -0.13862936198711395 0.06388762593269348
0.010094473138451576 0.06931468099355698 0.26621919870376587 -0.13862936198711395 0.06900610029697418
0.01646464690566063 0.06931468099355698 0.29177308082580566 -0.13862936198711395 0.06486911326646805
0.008647440932691097 0.06931468099355698 0.2716415524482727 -0.13862936198711395 0.062388837337493896
0.003332114312797785 0.06931468099355698 0.29478007555007935 -0.13862936198711395 0.06926427781581879
0.0067856814712285995 0.06931468099355698 0.3068201243877411 -0.13862936198711395 0.06866512447595596
0.007260845974087715 0.06931468099355698 0.3006359338760376 -0.13862936198711395 0.05999390780925751
0.015371489338576794 0.06931468099355698 0.31881046295166016 -0.13862936198711395 0.0595967173576355
0.011890644207596779 0.06931468099355698 0.2618488669395447 -0.13862936198711395 0.0702797919511795
0.01637394353747368 0.06931468099355698 0.24382811784744263 -0.13862936198711395 0.06741692870855331
0.009609634056687355 0.06931469589471817 0.1789054125547409 -0.13862939178943634 0.054601192474365234
0.01065017469227314 0.06931469589471817 0.22743651270866394 -0.13862939178943634 0.05471275374293327
0.00905868224799633 0.06931468099355698 0.19345399737358093 -0.13862936198711395 0.05936286598443985
0.006458282470703125 0.06931468099355698 0.15750752389431 -0.13862936198711395 0.06350262463092804
0.008544551208615303 0.06931469589471817 0.20711466670036316 -0.13862939178943634 0.058857157826423645
0.02736896649003029 0.06931469589471817 0.24384784698486328 -0.13862939178943634 0.05969861522316933
0.006787995342165232 0.06931469589471817 0.20568609237670898 -0.13862939178943634 0.05789308249950409
0.01360306516289711 0.06931469589471817 0.2376769781112671 -0.13862939178943634 0.058197420090436935
0.009194078855216503 0.06931470334529877 0.20558194816112518 -0.13862940669059753 0.06203116476535797
0.01305414829403162 0.06931470334529877 0.2381834238767624 -0.13862940669059753 0.06014186143875122
0.013621575199067593 0.06931469589471817 0.203029602766037 -0.13862939178943634 0.048741649836301804
0.009879643097519875 0.06931469589471817 0.1533605307340622 -0.13862939178943634 0.05290612578392029
0.02056853286921978 0.06931470334529877 0.20363710820674896 -0.13862940669059753 0.048169635236263275
0.004167347680777311 0.06931470334529877 0.2036527395248413 -0.13862940669059753 0.0473274290561676
0.006975617725402117 0.06931470334529877 0.20365402102470398 -0.13862940669059753 0.045398321002721786
0.022964514791965485 0.06931470334529877 0.1879410445690155 -0.13862940669059753 0.04206223413348198
0.019229648634791374 0.06931470334529877 0.21479478478431702 -0.13862940669059753 0.05068356543779373
0.0051374053582549095 0.06931470334529877 0.19299361109733582 -0.13862940669059753 0.05122500658035278
0.008215293288230896 0.06931470334529877 0.17920419573783875 -0.13862940669059753 0.04702884331345558
0.010914407670497894 0.06931470334529877 0.20373409986495972 -0.13862940669059753 0.04740215465426445
0.00677933543920517 0.06931470334529877 0.16815316677093506 -0.13862940669059753 0.051437992602586746
0.00999222882091999 0.06931470334529877 0.16263483464717865 -0.13862940669059753 0.04359562695026398
0.007869601249694824 0.06931470334529877 0.24064257740974426 -0.13862940669059753 0.04912300407886505
0.022662440314888954 0.06931470334529877 0.17456898093223572 -0.13862940669059753 0.046014394611120224
0.007713984232395887 0.06931470334529877 0.18737685680389404 -0.13862940669059753 0.04839450120925903
0.020900459960103035 0.06931470334529877 0.20970284938812256 -0.13862940669059753 0.05389730632305145
0.010556813329458237 0.06931470334529877 0.14642426371574402 -0.13862940669059753 0.057851642370224
0.012799986638128757 0.06931470334529877 0.2173718512058258 -0.13862940669059753 0.04198088496923447
0.011905362829566002 0.06931470334529877 0.16200749576091766 -0.13862940669059753 0.05031302571296692
0.04921797290444374 0.06931470334529877 0.17835767567157745 -0.13862940669059753 0.03789063170552254
0.017687449231743813 0.06931470334529877 0.1229434534907341 -0.13862942159175873 0.047975778579711914
0.007418477442115545 0.06931471079587936 0.13818611204624176 -0.13862942159175873 0.041834503412246704
0.006029462907463312 0.06931471079587936 0.15671475231647491 -0.13862942159175873 0.05014130845665932
0.004192402586340904 0.06931471079587936 0.15591464936733246 -0.13862942159175873 0.04614778980612755
0.022417325526475906 0.06931471079587936 0.148542582988739 -0.13862942159175873 0.04814247414469719
0.005674571264535189 0.06931470334529877 0.16417910158634186 -0.13862940669059753 0.054807908833026886
0.0071854921989142895 0.06931470334529877 0.1571875959634781 -0.13862940669059753 0.048219166696071625
0.020564353093504906 0.06931470334529877 0.2227100133895874 -0.13862940669059753 0.040140409022569656
0.015080368146300316 0.06931470334529877 0.14079822599887848 -0.13862940669059753 0.037923093885183334
0.007074276451021433 0.06931471079587936 0.22260130941867828 -0.13862940669059753 0.035706423223018646
0.013106754049658775 0.06931470334529877 0.13034500181674957 -0.13862942159175873 0.04738638922572136
