2.3091392517089844 0.07136832922697067 6.972264289855957 -0.13299322128295898 0.10398711264133453
1.777742862701416 0.06582827121019363 6.26369571685791 -0.13273899257183075 0.12373219430446625
1.364233136177063 0.06926175206899643 5.773066520690918 -0.13860829174518585 0.17199431359767914
1.0640408992767334 0.06922616064548492 5.330772876739502 -0.13862447440624237 0.21615785360336304
0.8137350082397461 0.06931895017623901 5.034345626831055 -0.138656884431839 0.2538692355155945
0.6813555359840393 0.06929837912321091 4.627353668212891 -0.13862648606300354 0.27622514963150024
0.4481513500213623 0.06926479190587997 4.354486465454102 -0.13855624198913574 0.28893929719924927
0.41416895389556885 0.06925000250339508 4.275028705596924 -0.1385173797607422 0.3022971749305725
0.31588274240493774 0.0692792758345604 4.074559211730957 -0.13856026530265808 0.31093207001686096
0.3706229031085968 0.06925656646490097 3.8956918716430664 -0.13851477205753326 0.3185460567474365
0.4093340039253235 0.06926856189966202 3.8696682453155518 -0.13853700459003448 0.32067355513572693
0.2315310835838318 0.06926419585943222 3.3915669918060303 -0.13853712379932404 0.31964111328125
0.2503548860549927 0.06927227973937988 3.376375436782837 -0.13855044543743134 0.313282310962677
0.2012823224067688 0.06927873939275742 3.2056703567504883 -0.13855917751789093 0.3145352005958557
0.12372865527868271 0.0692797303199768 3.0299720764160156 -0.13856008648872375 0.302737832069397
0.13116459548473358 0.06927718967199326 2.9707846641540527 -0.1385614424943924 0.3135422468185425
0.13959337770938873 0.06928785145282745 2.719207286834717 -0.13857495784759521 0.3072595000267029
0.12103822082281113 0.06929122656583786 2.743222236633301 -0.1385824978351593 0.3074135482311249
0.12657655775547028 0.06929430365562439 2.4958183765411377 -0.13859175145626068 0.2988511621952057
0.09181995689868927 0.06929802149534225 2.5371086597442627 -0.1385936290025711 0.29531964659690857
0.11771562695503235 0.06929715722799301 2.489461660385132 -0.1385955810546875 0.28626713156700134
0.09308353066444397 0.0693005919456482 2.21736216545105 -0.13860221207141876 0.27888551354408264
0.06388135254383087 0.06930537521839142 2.125532388687134 -0.13861088454723358 0.2701859176158905
0.06647852063179016 0.06930806487798691 2.2219600677490234 -0.13861608505249023 0.27240845561027527
0.0929582267999649 0.06930867582559586 2.0194594860076904 -0.13861821591854095 0.2636670172214508
0.09094555675983429 0.06931028515100479 1.8074254989624023 -0.13862086832523346 0.2616218328475952
0.04461006820201874 0.06931139528751373 1.6581835746765137 -0.13862276077270508 0.25732383131980896
0.0477006733417511 0.06931200623512268 1.5633944272994995 -0.13862435519695282 0.2404128909111023
0.08915270864963531 0.0693126991391182 1.6244784593582153 -0.13862548768520355 0.24163293838500977
0.06148674339056015 0.069313183426857 1.6291821002960205 -0.13862653076648712 0.24419108033180237
0.0676322653889656 0.06931348145008087 1.5743887424468994 -0.1386270374059677 0.2411680817604065
0.049741774797439575 0.06931380927562714 1.5013468265533447 -0.13862764835357666 0.23379671573638916
0.057626739144325256 0.06931402534246445 1.5883636474609375 -0.13862812519073486 0.22352583706378937
0.06597216427326202 0.06931421160697937 1.445119023323059 -0.13862848281860352 0.2068752646446228
0.09861557185649872 0.06931429356336594 1.1641091108322144 -0.13862861692905426 0.20668023824691772
0.053118422627449036 0.0693143829703331 1.109205961227417 -0.1386287808418274 0.19773033261299133
0.04129750281572342 0.06931442767381668 1.1701116561889648 -0.13862888514995575 0.20639266073703766
0.06322598457336426 0.06931447237730026 1.0618984699249268 -0.13862895965576172 0.19477106630802155
0.06365188956260681 0.06931450963020325 1.073333740234375 -0.1386290341615677 0.18892300128936768
0.05163644254207611 0.06931453198194504 0.9044817686080933 -0.13862907886505127 0.1880822628736496
0.06556981801986694 0.06931455433368683 0.9090432524681091 -0.13862912356853485 0.1779596507549286
0.016784220933914185 0.06931456178426743 0.9201124906539917 -0.13862913846969604 0.1661216765642166
0.037069596350193024 0.06931457668542862 1.0610920190811157 -0.13862918317317963 0.17131224274635315
0.05137861147522926 0.06931459158658981 0.7863506078720093 -0.13862918317317963 0.17741142213344574
0.04967654123902321 0.06931459903717041 0.8812206983566284 -0.13862919807434082 0.1694495975971222
0.04807303473353386 0.06931459903717041 0.8057969808578491 -0.13862919807434082 0.15089894831180573
0.026925498619675636 0.0693146139383316 0.7414289116859436 -0.1386292278766632 0.15578220784664154
0.04842468351125717 0.0693146139383316 0.8231900930404663 -0.1386292278766632 0.14756286144256592
0.03888588771224022 0.0693146139383316 0.6950401663780212 -0.1386292427778244 0.15154896676540375
0.02927955985069275 0.0693146213889122 0.869240403175354 -0.1386292427778244 0.14726442098617554
0.05521127209067345 0.0693146213889122 0.6753028035163879 -0.1386292427778244 0.14297476410865784
0.018450675532221794 0.0693146213889122 0.7378925681114197 -0.1386292427778244 0.14219802618026733
0.010842579416930676 0.0693146213889122 0.6251958012580872 -0.1386292576789856 0.14176228642463684
0.018913734704256058 0.0693146362900734 0.5706443190574646 -0.1386292725801468 0.1336487978696823
0.03402130678296089 0.0693146362900734 0.6195569038391113 -0.1386292725801468 0.1211135983467102
0.012053918093442917 0.0693146362900734 0.6298884749412537 -0.1386292725801468 0.1113191545009613
0.012940483167767525 0.0693146362900734 0.6067692041397095 -0.1386292725801468 0.12871092557907104
0.032075002789497375 0.0693146362900734 0.6141958236694336 -0.13862928748130798 0.12239949405193329
0.021824225783348083 0.06931465119123459 0.4679567217826843 -0.13862930238246918 0.13640931248664856
0.025363627821207047 0.06931465119123459 0.5297894477844238 -0.13862930238246918 0.125737726688385
0.023249316960573196 0.06931465119123459 0.699897050857544 -0.13862930238246918 0.11604205518960953
0.016185466200113297 0.06931465119123459 0.42107802629470825 -0.13862930238246918 0.11959388852119446
0.03289523720741272 0.06931465119123459 0.5597200393676758 -0.13862930238246918 0.11782920360565186
0.040253981947898865 0.06931465119123459 0.4845885634422302 -0.13862930238246918 0.10905246436595917
0.01558561809360981 0.06931465119123459 0.522852897644043 -0.13862930238246918 0.10991530120372772
0.03795754164457321 0.06931465864181519 0.49826955795288086 -0.13862931728363037 0.11405931413173676
0.01602061651647091 0.06931465864181519 0.43485188484191895 -0.13862931728363037 0.10363984107971191
0.023678863421082497 0.06931465864181519 0.5129196643829346 -0.13862931728363037 0.11010529100894928
0.020460350438952446 0.06931465864181519 0.383205771446228 -0.13862931728363037 0.11156539618968964
0.014502862468361855 0.06931465864181519 0.45200276374816895 -0.13862931728363037 0.09894649684429169
0.01854684390127659 0.06931465864181519 0.3859618902206421 -0.13862931728363037 0.1028514876961708
0.007979374378919601 0.06931466609239578 0.4023399353027344 -0.13862933218479156 0.10446414351463318
0.02589857205748558 0.06931465864181519 0.3692396581172943 -0.13862931728363037 0.08462519198656082
0.013551600277423859 0.06931465864181519 0.32561784982681274 -0.13862931728363037 0.09526281803846359
0.017240287736058235 0.06931466609239578 0.30397000908851624 -0.13862933218479156 0.08417573571205139
0.01201898418366909 0.06931467354297638 0.39876219630241394 -0.13862934708595276 0.08398444205522537
0.01842053048312664 0.06931467354297638 0.42218342423439026 -0.13862934708595276 0.0926659032702446
0.13333456218242645 0.06931467354297638 0.3172973096370697 -0.13862934708595276 0.07954485714435577
0.006085764616727829 0.06931467354297638 0.4572952687740326 -0.13862934708595276 0.08380308747291565
0.016161590814590454 0.06931467354297638 0.37144583463668823 -0.13862934708595276 0.07836019992828369
0.025628425180912018 0.06931467354297638 0.30355319380760193 -0.13862934708595276 0.08433503657579422
0.02945667877793312 0.06931467354297638 0.4365379810333252 -0.13862934708595276 0.07083434611558914
0.03498459607362747 0.06931467354297638 0.35432299971580505 -0.13862934708595276 0.08522441238164902
0.018219677731394768 0.06931467354297638 0.3885170519351959 -0.13862934708595276 0.0828787237405777
0.011884352192282677 0.06931468099355698 0.3007122576236725 -0.13862936198711395 0.07560840249061584
0.0062738265842199326 0.06931468099355698 0.23056793212890625 -0.13862936198711395 0.08087332546710968
0.020664427429437637 0.06931468099355698 0.30869966745376587 -0.13862936198711395 0.06986307352781296
0.014958679676055908 0.06931468099355698 0.3206885755062103 -0.13862936198711395 0.07234221696853638
0.030819864943623543 0.06931467354297638 0.2777186930179596 -0.13862936198711395 0.07589221000671387
0.018908319994807243 0.06931468099355698 0.3014174699783325 -0.13862936198711395 0.0762462243437767
0.007214045152068138 0.06931468099355698 0.27234572172164917 -0.13862936198711395 0.0740029513835907
0.007849574089050293 0.06931468099355698 0.30396273732185364 -0.13862936198711395 0.06880120933055878
0.005864381790161133 0.06931468099355698 0.2914748787879944 -0.13862936198711395 0.0631537064909935
0.026711758226156235 0.06931468844413757 0.19059380888938904 -0.13862936198711395 0.07045620679855347
0.01863468810915947 0.06931468099355698 0.22301051020622253 -0.13862936198711395 0.05182795971632004
0.015294410288333893 0.06931468099355698 0.26495933532714844 -0.13862936198711395 0.0691928118467331
0.010390594601631165 0.06931468099355698 0.2207072228193283 -0.13862936198711395 0.06575077027082443
0.03375416621565819 0.06931468844413757 0.23039987683296204 -0.13862937688827515 0.06396476179361343
0.011637607589364052 0.06931468844413757 0.30665963888168335 -0.13862939178943634 0.060573723167181015
0.03330684453248978 0.06931469589471817 0.24581776559352875 -0.13862939178943634 0.06521998345851898
0.010274184867739677 0.06931469589471817 0.22991563379764557 -0.13862939178943634 0.07206105440855026
0.01976691745221615 0.06931468099355698 0.2522718608379364 -0.13862936198711395 0.05156209319829941
0.010466532781720161 0.06931469589471817 0.2696683406829834 -0.13862937688827515 0.060705047100782394
0.023934131488204002 0.06931469589471817 0.248488187789917 -0.13862939178943634 0.05182914435863495
0.024605900049209595 0.06931469589471817 0.2247123122215271 -0.13862939178943634 0.05978094041347504
0.039638701826334 0.06931469589471817 0.2487230896949768 -0.13862939178943634 0.048542819917201996
0.01935657300055027 0.06931469589471817 0.24660606682300568 -0.13862939178943634 0.06235406547784805
0.006910523399710655 0.06931469589471817 0.25856247544288635 -0.13862939178943634 0.0604332834482193
0.012457573786377907 0.06931470334529877 0.2648720145225525 -0.13862939178943634 0.060065485537052155
0.04213681444525719 0.06931470334529877 0.21709056198596954 -0.13862940669059753 0.05560104548931122
0.00793422944843769 0.06931469589471817 0.21736468374729156 -0.13862939178943634 0.05739933252334595
0.01584411785006523 0.06931469589471817 0.191791832447052 -0.13862939178943634 0.05873167887330055
0.011910399422049522 0.06931469589471817 0.2215835154056549 -0.13862939178943634 0.05989272892475128
0.007851336151361465 0.06931470334529877 0.14092467725276947 -0.13862940669059753 0.05189478397369385
0.011566994711756706 0.06931470334529877 0.22234956920146942 -0.13862940669059753 0.0598306804895401
0.014948498457670212 0.06931470334529877 0.1689770221710205 -0.13862940669059753 0.06034089997410774
0.010425131767988205 0.06931470334529877 0.13955330848693848 -0.13862940669059753 0.05380386859178543
0.034753259271383286 0.06931471079587936 0.16182807087898254 -0.13862942159175873 0.048420071601867676
0.030373748391866684 0.06931470334529877 0.17952166497707367 -0.13862942159175873 0.04087642580270767
0.008214078843593597 0.06931471079587936 0.1827659010887146 -0.13862942159175873 0.05915924161672592
0.010690262541174889 0.06931471079587936 0.2411787062883377 -0.13862939178943634 0.05408526211977005
0.013474540784955025 0.06931471079587936 0.15103596448898315 -0.13862940669059753 0.06682658940553665
0.04398816078901291 0.06931469589471817 0.19159166514873505 -0.13862940669059753 0.060654416680336
0.012021919712424278 0.06931471079587936 0.17875449359416962 -0.13862942159175873 0.05640076845884323
0.02547263167798519 0.06931471079587936 0.1416037678718567 -0.13862942159175873 0.04286251217126846
0.01236710138618946 0.06931471079587936 0.17471431195735931 -0.13862942159175873 0.03856208175420761
0.012880532070994377 0.06931471079587936 0.16561831533908844 -0.13862942159175873 0.04027518257498741
0.030702432617545128 0.06931471079587936 0.11708834767341614 -0.13862942159175873 0.04474320635199547
0.0364546999335289 0.06931471079587936 0.15250806510448456 -0.13862942159175873 0.05667030066251755
0.006138596683740616 0.06931471079587936 0.26094043254852295 -0.13862942159175873 0.03854164853692055
0.016506455838680267 0.06931471079587936 0.1283539980649948 -0.13862942159175873 0.05881838500499725
0.020412208512425423 0.06931471079587936 0.17044679820537567 -0.13862942159175873 0.05435679107904434
0.018844114616513252 0.06931471079587936 0.1818193942308426 -0.13862943649291992 0.03855765238404274
0.009923866018652916 0.06931471079587936 0.12735702097415924 -0.13862942159175873 0.05054237321019173
0.015265442430973053 0.06931471079587936 0.11773082613945007 -0.13862942159175873 0.037870123982429504
0.011033864691853523 0.06931471079587936 0.15060502290725708 -0.13862942159175873 0.052054647356271744
0.007354551926255226 0.06931471079587936 0.13674598932266235 -0.13862942159175873 0.05170257017016411
0.01276390254497528 0.06931471079587936 0.1588686853647232 -0.13862942159175873 0.03625809773802757
0.019421417266130447 0.06931471079587936 0.13649073243141174 -0.13862942159175873 0.046165551990270615
0.014066064730286598 0.06931471079587936 0.13139182329177856 -0.13862942159175873 0.03945399448275566
0.011437617242336273 0.06931471079587936 0.13142015039920807 -0.13862942159175873 0.03869589790701866
0.005092952400445938 0.06931471079587936 0.09101513773202896 -0.13862942159175873 0.05030980706214905
0.009238526225090027 0.06931471079587936 0.10366974771022797 -0.13862942159175873 0.040595635771751404
0.007090868428349495 0.06931471079587936 0.1065140962600708 -0.13862942159175873 0.05481044203042984
0.006043173372745514 0.06931471079587936 0.12824290990829468 -0.13862942159175873 0.03773839771747589
0.010010713711380959 0.06931471079587936 0.12959937751293182 -0.13862942159175873 0.03415124490857124
0.041310280561447144 0.06931471079587936 0.1221248060464859 -0.13862942159175873 0.038573481142520905
0.010372243821620941 0.06931471079587936 0.17494188249111176 -0.13862942159175873 0.032992538064718246
0.009226538240909576 0.06931471079587936 0.09121883660554886 -0.13862942159175873 0.024897435680031776
0.027144236490130424 0.06931471824645996 0.22050076723098755 -0.13862942159175873 0.043854277580976486
0.014744145795702934 0.06931471079587936 0.11861313879489899 -0.13862942159175873 0.03038324974477291
0.018700474873185158 0.06931471824645996 0.09781301021575928 -0.13862942159175873 0.0366971530020237
0.006472444161772728 0.06931471824645996 0.07752476632595062 -0.13862943649291992 0.040363751351833344
0.008616339415311813 0.06931471824645996 0.09620445966720581 -0.13862942159175873 0.0376768484711647
0.016524143517017365 0.06931471079587936 0.1204429417848587 -0.13862943649291992 0.038223184645175934
0.012599900364875793 0.06931471824645996 0.13885922729969025 -0.13862943649291992 0.0370868444442749
0.006016328930854797 0.06931471824645996 0.12806491553783417 -0.13862943649291992 0.03839119151234627
0.010611969977617264 0.06931471824645996 0.10975722223520279 -0.13862943649291992 0.0379110611975193
0.007827747613191605 0.06931471824645996 0.1358393430709839 -0.13862943649291992 0.04577307030558586
0.008721642196178436 0.06931471824645996 0.11800025403499603 -0.13862943649291992 0.03532105311751366
0.025617152452468872 0.06931471079587936 0.1086723655462265 -0.13862942159175873 0.03360540792346001
0.021284231916069984 0.06931471079587936 0.0912393182516098 -0.13862942159175873 0.035928092896938324
0.007341461256146431 0.06931471079587936 0.09868819266557693 -0.13862942159175873 0.03462987020611763
0.012584617361426353 0.06931471079587936 0.10535771399736404 -0.13862942159175873 0.03381074219942093
0.00986441969871521 0.06931471079587936 0.17583811283111572 -0.13862942159175873 0.03344380110502243
0.012865208089351654 0.06931471079587936 0.08799886703491211 -0.13862942159175873 0.031365565955638885
0.03176242113113403 0.06931471079587936 0.08612307161092758 -0.13862942159175873 0.030285069718956947
0.014101937413215637 0.06931471079587936 0.12565097212791443 -0.13862942159175873 0.03402145951986313
0.02094593085348606 0.06931471079587936 0.07802049070596695 -0.13862942159175873 0.034884534776210785
0.01752132549881935 0.06931471079587936 0.16346684098243713 -0.13862942159175873 0.03395265340805054
0.017140671610832214 0.06931471079587936 0.09035240858793259 -0.13862942159175873 0.03966900706291199
0.01079166866838932 0.06931471079587936 0.08220022916793823 -0.13862943649291992 0.029348574578762054
0.04604381322860718 0.06931471079587936 0.08056894689798355 -0.13862942159175873 0.03728848695755005
0.00879298709332943 0.06931471079587936 0.15030957758426666 -0.13862943649291992 0.02971203252673149
0.07014811038970947 0.06931471079587936 0.12022330611944199 -0.13862943649291992 0.033323023468256
0.009893355891108513 0.06931471824645996 0.10229627043008804 -0.13862942159175873 0.04575192183256149
0.005611620843410492 0.06931471079587936 0.0740545466542244 -0.13862942159175873 0.03307289630174637
0.0091356560587883 0.06931471079587936 0.11779309809207916 -0.13862943649291992 0.028576713055372238
0.02374517358839512 0.06931471824645996 0.07697869092226028 -0.13862943649291992 0.02370375208556652
0.0090239979326725 0.06931471079587936 0.09144696593284607 -0.13862943649291992 0.03538532182574272
0.007441448047757149 0.06931471824645996 0.11466842889785767 -0.13862942159175873 0.03634397312998772
0.021346265450119972 0.06931471824645996 0.06921160221099854 -0.13862942159175873 0.029077790677547455
0.009394960477948189 0.06931471824645996 0.0520864799618721 -0.13862943649291992 0.026302877813577652
0.023714713752269745 0.06931471079587936 0.0721115991473198 -0.13862943649291992 0.020888643339276314
0.007212253287434578 0.06931471824645996 0.0975572019815445 -0.13862943649291992 0.029285330325365067
0.010325664654374123 0.06931471824645996 0.11986255645751953 -0.13862943649291992 0.027440320700407028
0.008147962391376495 0.06931471824645996 0.06681506335735321 -0.13862943649291992 0.029913995414972305
0.0074147190898656845 0.06931471824645996 0.08591166138648987 -0.13862943649291992 0.02511962316930294
0.012882737442851067 0.06931471824645996 0.08415261656045914 -0.13862943649291992 0.03202256187796593
0.009366245940327644 0.06931471824645996 0.07850981503725052 -0.13862943649291992 0.03913357853889465
0.026900598779320717 0.06931471824645996 0.1002177894115448 -0.13862943649291992 0.021700598299503326
0.0031876415014266968 0.06931471824645996 0.1265973150730133 -0.13862943649291992 0.033266499638557434
0.006553914397954941 0.06931471824645996 0.09346670657396317 -0.13862943649291992 0.028624005615711212
0.01590968854725361 0.06931471824645996 0.10503250360488892 -0.13862943649291992 0.029745223000645638
0.008246568962931633 0.06931471824645996 0.08480093628168106 -0.13862943649291992 0.028488213196396828
0.0033286288380622864 0.06931471824645996 0.06288187950849533 -0.13862943649291992 0.025908757001161575
0.004585549235343933 0.06931471824645996 0.07692830264568329 -0.13862943649291992 0.028556447476148605
0.014836026355624199 0.06931471824645996 0.09215233474969864 -0.13862943649291992 0.034413892775774
0.023867949843406677 0.06931471824645996 0.04793373495340347 -0.13862943649291992 0.03244651108980179
0.0126374252140522 0.06931471824645996 0.06856252253055573 -0.13862943649291992 0.03305349498987198
