2.3508031368255615 0.07157111167907715 0.34140586853027344 -0.1393985003232956 0.10443519055843353
1.8078322410583496 0.07022186368703842 -2.093191623687744 -0.1398964822292328 0.12602674961090088
1.3906359672546387 0.06946954876184464 -7.897218704223633 -0.1389312595129013 0.1610645353794098
1.1394448280334473 0.06932524591684341 -12.483631134033203 -0.1385936588048935 0.18986347317695618
0.8720656037330627 0.06934721767902374 -15.955205917358398 -0.1387258768081665 0.2322690188884735
0.7651804089546204 0.06933099031448364 -18.817176818847656 -0.1387053281068802 0.25432148575782776
0.5509002804756165 0.06932700425386429 -21.47072982788086 -0.13867750763893127 0.2665672302246094
0.43017327785491943 0.06931954622268677 -24.077539443969727 -0.13864336907863617 0.2806573510169983
0.3769439160823822 0.06932061910629272 -25.165363311767578 -0.13864190876483917 0.2894420623779297
0.290836364030838 0.0693160817027092 -25.959306716918945 -0.13863682746887207 0.2870842218399048
0.36102646589279175 0.06931708008050919 -26.90403938293457 -0.1386343538761139 0.28544676303863525
0.24549493193626404 0.06931664794683456 -27.7689151763916 -0.1386341154575348 0.2979341447353363
0.22426685690879822 0.06931810826063156 -28.143993377685547 -0.1386352777481079 0.29763099551200867
0.13497468829154968 0.06931553035974503 -28.892578125 -0.1386314481496811 0.2999880313873291
0.20668786764144897 0.06931544840335846 -30.10796546936035 -0.13863277435302734 0.2933884859085083
0.2662789821624756 0.06931544095277786 -29.310405731201172 -0.13863173127174377 0.28534170985221863
0.16706179082393646 0.06931528449058533 -30.726301193237305 -0.13863083720207214 0.2871176302433014
0.11751462519168854 0.06931526213884354 -30.903743743896484 -0.13863039016723633 0.2844799757003784
0.14491888880729675 0.06931507587432861 -30.904993057250977 -0.13863030076026917 0.2894698679447174
0.18366065621376038 0.06931493431329727 -31.445497512817383 -0.1386301964521408 0.28182095289230347
0.09423966705799103 0.06931507587432861 -32.37253952026367 -0.138629749417305 0.2688405215740204
0.16478535532951355 0.0693148747086525 -32.126346588134766 -0.13862989842891693 0.2675904929637909
0.2072235345840454 0.06931488960981369 -31.690372467041016 -0.1386297047138214 0.2734794616699219
0.12783567607402802 0.0693148598074913 -32.07756042480469 -0.13862977921962738 0.25501126050949097
0.09772489964962006 0.0693148598074913 -31.639686584472656 -0.13862966001033783 0.25415903329849243
0.22994747757911682 0.06931477040052414 -31.908231735229492 -0.13862963020801544 0.24930068850517273
0.1573430448770523 0.06931477785110474 -32.29166030883789 -0.13862955570220947 0.24846071004867554
0.1591913253068924 0.06931477040052414 -31.934040069580078 -0.1386295109987259 0.24708476662635803
0.08027099072933197 0.06931475549936295 -33.048587799072266 -0.1386294960975647 0.23572003841400146
0.10686950385570526 0.06931474059820175 -33.26591491699219 -0.1386294811964035 0.2294643074274063
0.14686483144760132 0.06931474059820175 -32.97988510131836 -0.1386294811964035 0.22991129755973816
0.05750473588705063 0.06931472569704056 -33.10295104980469 -0.1386294662952423 0.2184087038040161
0.05213030427694321 0.06931472569704056 -33.30162811279297 -0.13862943649291992 0.21700580418109894
0.11688430607318878 0.06931471824645996 -33.55745315551758 -0.13862943649291992 0.19636276364326477
0.08360883593559265 0.06931471824645996 -33.00843048095703 -0.13862943649291992 0.21568401157855988
0.12958699464797974 0.06931471824645996 -33.68686294555664 -0.13862943649291992 0.18966028094291687
0.08929254859685898 0.06931471824645996 -33.50033187866211 -0.13862943649291992 0.19894962012767792
0.050706468522548676 0.06931471824645996 -34.02527618408203 -0.13862943649291992 0.18701398372650146
0.08503857254981995 0.06931471824645996 -33.56104278564453 -0.13862943649291992 0.18927842378616333
0.028441689908504486 0.06931471824645996 -33.67623519897461 -0.13862943649291992 0.1796748787164688
0.15827932953834534 0.06931471824645996 -33.5739860534668 -0.13862943649291992 0.1725580096244812
0.1491014063358307 0.06931471824645996 -33.51215744018555 -0.13862943649291992 0.18534445762634277
0.07490789890289307 0.06931471824645996 -33.275699615478516 -0.13862943649291992 0.16865481436252594
0.08378981053829193 0.06931471824645996 -34.05635452270508 -0.13862943649291992 0.15412044525146484
0.09145785868167877 0.06931471824645996 -34.2607536315918 -0.13862943649291992 0.1584469974040985
0.05320536717772484 0.06931471824645996 -33.28950119018555 -0.13862943649291992 0.1745312660932541
0.02795032039284706 0.06931471824645996 -34.038238525390625 -0.13862943649291992 0.1508667767047882
0.24051077663898468 0.06931471824645996 -33.941280364990234 -0.13862943649291992 0.14227090775966644
0.06634517014026642 0.06931471824645996 -33.81953430175781 -0.13862943649291992 0.143016517162323
0.015925347805023193 0.06931471824645996 -34.031349182128906 -0.13862943649291992 0.1470247358083725
0.04581882804632187 0.06931471824645996 -34.02783966064453 -0.13862943649291992 0.14674483239650726
0.02421002835035324 0.06931471824645996 -34.326393127441406 -0.13862943649291992 0.13993653655052185
0.07246291637420654 0.06931471824645996 -33.732872009277344 -0.13862943649291992 0.13877059519290924
0.07143422961235046 0.06931471824645996 -34.03684616088867 -0.13862943649291992 0.1340600550174713
0.1684771031141281 0.06931471824645996 -33.783870697021484 -0.13862943649291992 0.1422530710697174
0.0677175521850586 0.06931471824645996 -33.85938262939453 -0.13862943649291992 0.14746350049972534
0.03171251341700554 0.06931471824645996 -34.38290786743164 -0.13862943649291992 0.12539541721343994
0.01837085373699665 0.06931471824645996 -33.944698333740234 -0.13862943649291992 0.1279803067445755
0.037232816219329834 0.06931471824645996 -33.870731353759766 -0.13862943649291992 0.13014166057109833
0.08839006721973419 0.06931471824645996 -34.0778923034668 -0.13862943649291992 0.12728667259216309
0.030052419751882553 0.06931471824645996 -34.69614028930664 -0.13862943649291992 0.12433725595474243
0.1096746027469635 0.06931471824645996 -34.569766998291016 -0.13862943649291992 0.11570870876312256
0.09254750609397888 0.06931471824645996 -34.087425231933594 -0.13862943649291992 0.11123241484165192
0.039591044187545776 0.06931471824645996 -34.475425720214844 -0.13862943649291992 0.11533302068710327
0.04978634789586067 0.06931471824645996 -34.55613708496094 -0.13862943649291992 0.11219421029090881
0.08453232049942017 0.06931471824645996 -34.776893615722656 -0.13862943649291992 0.1225203350186348
0.017771590501070023 0.06931471824645996 -34.60594177246094 -0.13862943649291992 0.1057436615228653
0.057382822036743164 0.06931471824645996 -34.44895935058594 -0.13862943649291992 0.10920575261116028
0.1717889904975891 0.06931471824645996 -34.32122039794922 -0.13862943649291992 0.11329799890518188
0.09759552031755447 0.06931471824645996 -34.61497116088867 -0.13862943649291992 0.10439170151948929
0.008196934126317501 0.06931471824645996 -34.66361999511719 -0.13862943649291992 0.10252624750137329
0.09405439347028732 0.06931471824645996 -34.77260971069336 -0.13862943649291992 0.09484153240919113
0.06015663594007492 0.06931471824645996 -34.527034759521484 -0.13862943649291992 0.09792762249708176
0.03362429514527321 0.06931471824645996 -34.38614273071289 -0.13862943649291992 0.10503996908664703
0.14285585284233093 0.06931471824645996 -34.77815628051758 -0.13862943649291992 0.08556362986564636
0.037500884383916855 0.06931471824645996 -34.82789993286133 -0.13862943649291992 0.08790182322263718
0.04901350289583206 0.06931471824645996 -34.161346435546875 -0.13862943649291992 0.08924108743667603
0.06397995352745056 0.06931471824645996 -34.778564453125 -0.13862943649291992 0.08637774735689163
0.039828915148973465 0.06931471824645996 -34.92483901977539 -0.13862943649291992 0.08100792020559311
0.025452397763729095 0.06931471824645996 -34.70669174194336 -0.13862943649291992 0.09299460053443909
0.0200712438672781 0.06931471824645996 -34.59426498413086 -0.13862943649291992 0.09144719690084457
0.058745913207530975 0.06931471824645996 -34.59107971191406 -0.13862943649291992 0.08397427946329117
0.026921607553958893 0.06931471824645996 -34.37742614746094 -0.13862943649291992 0.08429820090532303
0.1566932648420334 0.06931471824645996 -34.43885040283203 -0.13862943649291992 0.07760138064622879
0.11614181846380234 0.06931471824645996 -34.70083999633789 -0.13862943649291992 0.0911632776260376
0.05781685933470726 0.06931471824645996 -34.986595153808594 -0.13862943649291992 0.07741420716047287
0.018623044714331627 0.06931471824645996 -34.53499984741211 -0.13862943649291992 0.08886279165744781
0.005205456167459488 0.06931471824645996 -34.7659912109375 -0.13862943649291992 0.0757586658000946
0.060680847615003586 0.06931471824645996 -34.662017822265625 -0.13862943649291992 0.07213378697633743
0.014828010462224483 0.06931471824645996 -34.47940444946289 -0.13862943649291992 0.07630760967731476
0.03890473395586014 0.06931471824645996 -34.61826705932617 -0.13862943649291992 0.08952993899583817
0.06629195809364319 0.06931471824645996 -34.58620071411133 -0.13862943649291992 0.08505544066429138
0.04257744550704956 0.06931471824645996 -34.797264099121094 -0.13862943649291992 0.08392041176557541
0.01049201749265194 0.06931471824645996 -34.61793518066406 -0.13862943649291992 0.07379394769668579
0.054180167615413666 0.06931471824645996 -34.35529327392578 -0.13862943649291992 0.08197686821222305
0.042483072727918625 0.06931471824645996 -34.61720657348633 -0.13862943649291992 0.08425623178482056
0.03800926357507706 0.06931471824645996 -34.59111785888672 -0.13862943649291992 0.08542036265134811
0.031999439001083374 0.06931471824645996 -34.799930572509766 -0.13862943649291992 0.07684338092803955
0.03969591110944748 0.06931471824645996 -34.66876220703125 -0.13862943649291992 0.07363605499267578
0.04750402644276619 0.06931471824645996 -35.17164611816406 -0.13862943649291992 0.066614530980587
0.0674489438533783 0.06931471824645996 -34.97566604614258 -0.13862943649291992 0.06406611949205399
0.05855870991945267 0.06931471824645996 -34.51941680908203 -0.13862943649291992 0.0743950754404068
0.08704724907875061 0.06931471824645996 -34.26205062866211 -0.13862943649291992 0.07686271518468857
0.011865638196468353 0.06931471824645996 -34.98310852050781 -0.13862943649291992 0.06114181503653526
0.06146567687392235 0.06931471824645996 -34.50535202026367 -0.13862943649291992 0.06294769048690796
0.0059488918632268906 0.06931471824645996 -34.61062240600586 -0.13862943649291992 0.0621795728802681
0.018297046422958374 0.06931471824645996 -34.74872970581055 -0.13862943649291992 0.06563334167003632
0.040953077375888824 0.06931471824645996 -34.86443328857422 -0.13862943649291992 0.06445592641830444
0.02839302085340023 0.06931471824645996 -34.88196563720703 -0.13862943649291992 0.07780954986810684
0.06121806055307388 0.06931471824645996 -35.090938568115234 -0.13862943649291992 0.07038206607103348
0.01399153470993042 0.06931471824645996 -34.9521598815918 -0.13862943649291992 0.05061275511980057
0.02697880193591118 0.06931471824645996 -34.6155891418457 -0.13862943649291992 0.05674394220113754
0.08290441334247589 0.06931471824645996 -34.95621109008789 -0.13862943649291992 0.05938549339771271
0.04463198781013489 0.06931471824645996 -34.37588119506836 -0.13862943649291992 0.079239621758461
0.026008082553744316 0.06931471824645996 -34.87989044189453 -0.13862943649291992 0.06674882769584656
0.014013642445206642 0.06931471824645996 -34.86672592163086 -0.13862943649291992 0.0659279078245163
0.021500999107956886 0.06931471824645996 -34.503719329833984 -0.13862943649291992 0.05985506623983383
0.03860539570450783 0.06931471824645996 -34.33684539794922 -0.13862943649291992 0.07164724916219711
0.03796350210905075 0.06931471824645996 -34.72037124633789 -0.13862943649291992 0.053085558116436005
0.03392978012561798 0.06931471824645996 -34.86788558959961 -0.13862943649291992 0.06702566891908646
0.006729714572429657 0.06931471824645996 -34.91079330444336 -0.13862943649291992 0.05428948998451233
0.08638736605644226 0.06931471824645996 -34.94546127319336 -0.13862943649291992 0.05207470804452896
0.1812170445919037 0.06931471824645996 -34.68603515625 -0.13862943649291992 0.06809604167938232
0.0043485090136528015 0.06931471824645996 -35.03860855102539 -0.13862943649291992 0.06900184601545334
0.08679872751235962 0.06931471824645996 -34.77824783325195 -0.13862943649291992 0.04866906255483627
0.010174965485930443 0.06931471824645996 -34.87636184692383 -0.13862943649291992 0.06013050675392151
0.03592926636338234 0.06931471824645996 -35.29631042480469 -0.13862943649291992 0.04624363034963608
0.022572211921215057 0.06931471824645996 -35.255985260009766 -0.13862943649291992 0.05160944163799286
0.02380920760333538 0.06931471824645996 -34.59709930419922 -0.13862943649291992 0.06943434476852417
0.14209774136543274 0.06931471824645996 -35.062652587890625 -0.13862943649291992 0.04641447961330414
0.040338680148124695 0.06931471824645996 -34.758182525634766 -0.13862943649291992 0.051938146352767944
0.02059808000922203 0.06931471824645996 -35.27039337158203 -0.13862943649291992 0.052834052592515945
0.02807457745075226 0.06931471824645996 -34.41732406616211 -0.13862943649291992 0.04737188294529915
0.07584292441606522 0.06931471824645996 -34.93327713012695 -0.13862943649291992 0.05831114202737808
0.018154427409172058 0.06931471824645996 -34.743675231933594 -0.13862943649291992 0.06254835426807404
0.049662526696920395 0.06931471824645996 -35.0096435546875 -0.13862943649291992 0.054374948143959045
0.007479088380932808 0.06931471824645996 -35.120460510253906 -0.13862943649291992 0.055809225887060165
0.00680113397538662 0.06931471824645996 -35.231048583984375 -0.13862943649291992 0.061453983187675476
