2.2912437915802 0.0721229538321495 6.934266090393066 -0.14286504685878754 0.10554122924804688
1.9896891117095947 0.06962638348340988 6.536308288574219 -0.13776202499866486 0.11341577768325806
1.6215813159942627 0.06958571821451187 6.154338359832764 -0.1392495185136795 0.13283227384090424
1.451977014541626 0.06934823840856552 5.990041255950928 -0.13900671899318695 0.16860496997833252
1.2021466493606567 0.06934984028339386 5.5816826820373535 -0.13877533376216888 0.19207361340522766
1.0007530450820923 0.06933971494436264 5.259037017822266 -0.13868112862110138 0.21853280067443848
0.7894728779792786 0.06925060600042343 5.036118507385254 -0.13850167393684387 0.24496951699256897
0.6216849088668823 0.06925301253795624 4.816148281097412 -0.13854138553142548 0.2584228813648224
0.5303693413734436 0.06927753239870071 4.695056438446045 -0.13854709267616272 0.27295148372650146
0.4449775815010071 0.06927503645420074 4.557384490966797 -0.13854871690273285 0.2874581813812256
0.4287165403366089 0.06926821917295456 4.394532203674316 -0.13855290412902832 0.2934541702270508
0.3567715883255005 0.06927381455898285 4.226308822631836 -0.1385444849729538 0.29865649342536926
0.36411184072494507 0.06927090138196945 4.070810794830322 -0.13853535056114197 0.3093767762184143
0.3109112083911896 0.06927299499511719 4.06396484375 -0.13854563236236572 0.31464719772338867
0.24705007672309875 0.06928366422653198 3.9626710414886475 -0.13856075704097748 0.31697529554367065
0.21059125661849976 0.06929230690002441 3.8234496116638184 -0.13857990503311157 0.31697791814804077
0.23267202079296112 0.06929203122854233 3.729945659637451 -0.13858060538768768 0.3194185197353363
0.20458754897117615 0.06929003447294235 3.577739715576172 -0.1385839432477951 0.31861406564712524
0.18581849336624146 0.06929254531860352 3.384343385696411 -0.13858307898044586 0.32176876068115234
0.17293187975883484 0.06929562985897064 3.3078272342681885 -0.13859067857265472 0.31710779666900635
0.1259305328130722 0.06929930299520493 3.310495138168335 -0.13859990239143372 0.31817370653152466
0.1467798948287964 0.06930213421583176 3.22879695892334 -0.13860538601875305 0.3160923719406128
0.2012270838022232 0.06930340826511383 3.106016159057617 -0.13860581815242767 0.318655401468277
0.14433813095092773 0.0693044438958168 3.0137298107147217 -0.13860966265201569 0.3060232996940613
0.1317029446363449 0.06930703669786453 2.9765431880950928 -0.13861295580863953 0.31119465827941895
0.16762061417102814 0.0693080946803093 3.0240983963012695 -0.1386154443025589 0.3074226379394531
0.10675021260976791 0.06930865347385406 2.814776659011841 -0.1386178731918335 0.30507659912109375
0.12253943085670471 0.06930940598249435 2.730551242828369 -0.13861918449401855 0.30256733298301697
0.08239397406578064 0.06930942833423615 2.57783579826355 -0.13861970603466034 0.3033079504966736
0.09447979182004929 0.06931041926145554 2.602123737335205 -0.1386207640171051 0.2975740134716034
0.11541648954153061 0.06931083649396896 2.454880952835083 -0.13862133026123047 0.29125136137008667
0.16414795815944672 0.06931122392416 2.5467464923858643 -0.13862274587154388 0.29197612404823303
0.13265259563922882 0.06931191682815552 2.3507704734802246 -0.13862405717372894 0.2865906357765198
0.11681217700242996 0.06931232661008835 2.2783122062683105 -0.13862478733062744 0.2843944728374481
0.06906655430793762 0.0693126767873764 2.170559883117676 -0.13862498104572296 0.28439396619796753
0.056541576981544495 0.06931289285421371 2.1194968223571777 -0.1386260986328125 0.27568307518959045
0.05246506258845329 0.06931325793266296 2.1020169258117676 -0.13862653076648712 0.27251705527305603
0.10198021680116653 0.06931351870298386 2.021165609359741 -0.1386270374059677 0.27025365829467773
0.07104095816612244 0.06931375712156296 2.0454647541046143 -0.1386275440454483 0.2635470926761627
0.06154108792543411 0.06931394338607788 1.9966812133789062 -0.1386280357837677 0.26670125126838684
0.06513173878192902 0.06931417435407639 1.8455854654312134 -0.13862834870815277 0.25904127955436707
0.08125926554203033 0.06931429356336594 1.8465522527694702 -0.13862858712673187 0.2537674307823181
0.06015920266509056 0.0693143755197525 1.797503113746643 -0.1386287361383438 0.25081995129585266
0.054514676332473755 0.06931442022323608 1.7313302755355835 -0.13862885534763336 0.2502857446670532
0.04642120748758316 0.06931445747613907 1.6462931632995605 -0.13862891495227814 0.2471945434808731
0.05720983445644379 0.06931450963020325 1.6843422651290894 -0.1386290043592453 0.2438121736049652
0.0770740658044815 0.06931453198194504 1.6561026573181152 -0.13862904906272888 0.2321680188179016
0.08256209641695023 0.06931456178426743 1.4964674711227417 -0.13862915337085724 0.2321397364139557
0.02790777012705803 0.06931459158658981 1.4264447689056396 -0.13862918317317963 0.23991519212722778
0.05328431725502014 0.0693146139383316 1.410521149635315 -0.1386292278766632 0.22568166255950928
0.051593586802482605 0.0693146213889122 1.4732270240783691 -0.1386292278766632 0.22234296798706055
0.06116270273923874 0.0693146362900734 1.4679592847824097 -0.1386292725801468 0.2216389924287796
0.057292304933071136 0.06931465119123459 1.4010504484176636 -0.13862930238246918 0.21575766801834106
0.033427052199840546 0.06931465119123459 1.31939697265625 -0.13862931728363037 0.20555610954761505
0.04916436970233917 0.06931465864181519 1.2427784204483032 -0.13862931728363037 0.2087233066558838
0.06329970806837082 0.06931467354297638 1.344757318496704 -0.13862934708595276 0.2038322240114212
0.05774832144379616 0.06931467354297638 1.2763843536376953 -0.13862934708595276 0.20428842306137085
0.03777061030268669 0.06931468099355698 1.1664990186691284 -0.13862936198711395 0.2026221752166748
0.059886619448661804 0.06931468099355698 1.2466418743133545 -0.13862936198711395 0.19336605072021484
0.04225826635956764 0.06931468099355698 1.2354936599731445 -0.13862936198711395 0.19951659440994263
0.029941130429506302 0.06931468099355698 1.0907810926437378 -0.13862936198711395 0.19778931140899658
0.024744912981987 0.06931468844413757 1.1665284633636475 -0.13862936198711395 0.19233472645282745
0.032812781631946564 0.06931469589471817 1.0218911170959473 -0.13862939178943634 0.19163411855697632
0.029248744249343872 0.06931469589471817 1.0867153406143188 -0.13862939178943634 0.1858992576599121
0.02297705039381981 0.06931469589471817 1.0189838409423828 -0.13862939178943634 0.1805742084980011
0.031350284814834595 0.06931469589471817 0.9617096781730652 -0.13862939178943634 0.17848807573318481
0.031295470893383026 0.06931469589471817 0.9577438831329346 -0.13862939178943634 0.1656549870967865
0.022301334887742996 0.06931469589471817 0.9621663093566895 -0.13862939178943634 0.17149421572685242
0.03648289665579796 0.06931469589471817 0.9429470300674438 -0.13862939178943634 0.16896149516105652
0.028682883828878403 0.06931469589471817 0.8922702074050903 -0.13862939178943634 0.17875486612319946
0.03745729476213455 0.06931469589471817 0.8965574502944946 -0.13862939178943634 0.16975542902946472
0.030469657853245735 0.06931469589471817 0.9381337761878967 -0.13862939178943634 0.15521623194217682
0.027773147448897362 0.06931469589471817 0.964266300201416 -0.13862939178943634 0.15866167843341827
0.04525993764400482 0.06931469589471817 0.8549249768257141 -0.13862939178943634 0.16001169383525848
0.03383927792310715 0.06931469589471817 0.8178182244300842 -0.13862939178943634 0.15327633917331696
0.03169877082109451 0.06931469589471817 0.8214058876037598 -0.13862939178943634 0.14904604852199554
0.030618755146861076 0.06931469589471817 0.8774760365486145 -0.13862939178943634 0.14647641777992249
0.0398106686770916 0.06931469589471817 0.7801626920700073 -0.13862939178943634 0.15671376883983612
0.022386597469449043 0.06931469589471817 0.7173467874526978 -0.13862939178943634 0.14157211780548096
0.03447612375020981 0.06931469589471817 0.7955182790756226 -0.13862939178943634 0.15517647564411163
0.021554745733737946 0.06931469589471817 0.7639468312263489 -0.13862939178943634 0.14105059206485748
0.038506537675857544 0.06931469589471817 0.7445691227912903 -0.13862939178943634 0.14234407246112823
0.01102954987436533 0.06931471079587936 0.7263057231903076 -0.13862942159175873 0.132977694272995
0.03111386112868786 0.06931471079587936 0.6856219172477722 -0.13862942159175873 0.13960060477256775
0.02893984690308571 0.06931471079587936 0.6554558873176575 -0.13862942159175873 0.1304021030664444
0.024068133905529976 0.06931471079587936 0.622344434261322 -0.13862942159175873 0.12250769138336182
0.02374202385544777 0.06931471079587936 0.6580707430839539 -0.13862942159175873 0.1315871626138687
0.04636222496628761 0.06931471079587936 0.597082793712616 -0.13862942159175873 0.12681204080581665
0.019492637366056442 0.06931471079587936 0.6329860687255859 -0.13862942159175873 0.1178368628025055
0.03572194278240204 0.06931471079587936 0.5955618619918823 -0.13862942159175873 0.1296253204345703
0.02343817427754402 0.06931471079587936 0.6429480910301208 -0.13862942159175873 0.12000127136707306
0.02617582306265831 0.06931471079587936 0.6272167563438416 -0.13862942159175873 0.12582053244113922
0.040561459958553314 0.06931471079587936 0.6381849050521851 -0.13862942159175873 0.11349938809871674
0.01657147891819477 0.06931471079587936 0.5836266875267029 -0.13862942159175873 0.11278334259986877
0.025994710624217987 0.06931471079587936 0.5829122066497803 -0.13862942159175873 0.11974792182445526
0.024096161127090454 0.06931471079587936 0.5985065698623657 -0.13862942159175873 0.12001901865005493
0.02456805109977722 0.06931471079587936 0.5593820810317993 -0.13862942159175873 0.11333246529102325
0.020639918744564056 0.06931471079587936 0.5682159066200256 -0.13862942159175873 0.11917798221111298
0.034216172993183136 0.06931471079587936 0.4862133860588074 -0.13862942159175873 0.11160080134868622
0.04055922478437424 0.06931471079587936 0.5559664368629456 -0.13862942159175873 0.10817311704158783
0.007576672360301018 0.06931471079587936 0.5161398649215698 -0.13862942159175873 0.10461396723985672
0.014543628320097923 0.06931471079587936 0.4720230996608734 -0.13862942159175873 0.11253361403942108
0.03393884748220444 0.06931471079587936 0.5067201256752014 -0.13862942159175873 0.10331800580024719
0.009240474551916122 0.06931471079587936 0.42759764194488525 -0.13862942159175873 0.11146238446235657
0.023791346698999405 0.06931471079587936 0.5186424851417542 -0.13862942159175873 0.10895664989948273
0.014311570674180984 0.06931471079587936 0.45319923758506775 -0.13862942159175873 0.09938248246908188
0.011850983835756779 0.06931471079587936 0.49466484785079956 -0.13862942159175873 0.1010662242770195
0.021872494369745255 0.06931471079587936 0.4549327492713928 -0.13862942159175873 0.09567089378833771
0.010520262643694878 0.06931471079587936 0.4635823667049408 -0.13862942159175873 0.10130107402801514
0.010080965235829353 0.06931471079587936 0.4874415993690491 -0.13862942159175873 0.09254942834377289
0.021345172077417374 0.06931471079587936 0.4618796706199646 -0.13862942159175873 0.09833686053752899
0.01985132321715355 0.06931471079587936 0.4006730020046234 -0.13862942159175873 0.08849337697029114
0.021273856982588768 0.06931471079587936 0.46153199672698975 -0.13862942159175873 0.09172948449850082
0.018303435295820236 0.06931471079587936 0.4259486198425293 -0.13862942159175873 0.10134336352348328
0.029398608952760696 0.06931471079587936 0.38910290598869324 -0.13862942159175873 0.09837417304515839
0.015018709935247898 0.06931471079587936 0.41121751070022583 -0.13862942159175873 0.09391675889492035
0.015894467011094093 0.06931471079587936 0.43073853850364685 -0.13862942159175873 0.08589214831590652
0.023180518299341202 0.06931471079587936 0.41308751702308655 -0.13862942159175873 0.0974363461136818
0.011163217015564442 0.06931471079587936 0.4056870639324188 -0.13862942159175873 0.0900307148694992
0.03542504832148552 0.06931471079587936 0.4707258939743042 -0.13862942159175873 0.09086062014102936
0.029283976182341576 0.06931471079587936 0.40265434980392456 -0.13862942159175873 0.08822193741798401
0.015584049746394157 0.06931471079587936 0.389954537153244 -0.13862942159175873 0.09317014366388321
0.008035383187234402 0.06931471079587936 0.4370574355125427 -0.13862942159175873 0.07857362926006317
0.016904747113585472 0.06931471079587936 0.3912172019481659 -0.13862942159175873 0.08268094807863235
0.00788869522511959 0.06931471079587936 0.4033902585506439 -0.13862942159175873 0.0949179083108902
0.01097369659692049 0.06931471079587936 0.35731241106987 -0.13862942159175873 0.08238841593265533
0.014771703630685806 0.06931471079587936 0.34311872720718384 -0.13862942159175873 0.0807708203792572
0.020570145919919014 0.06931471079587936 0.3940064311027527 -0.13862942159175873 0.07905235141515732
0.007376023568212986 0.06931471079587936 0.3470875024795532 -0.13862942159175873 0.0807804986834526
0.01612420566380024 0.06931471079587936 0.3295215666294098 -0.13862942159175873 0.0778847262263298
0.029672538861632347 0.06931471079587936 0.29465675354003906 -0.13862942159175873 0.06883376091718674
0.013277163729071617 0.06931471079587936 0.34663620591163635 -0.13862942159175873 0.07351274788379669
0.013253940269351006 0.06931471079587936 0.3277944326400757 -0.13862942159175873 0.07108093798160553
0.02253413200378418 0.06931471079587936 0.33376312255859375 -0.13862942159175873 0.07471945136785507
0.02185305953025818 0.06931471079587936 0.369078129529953 -0.13862942159175873 0.08005528897047043
0.023541156202554703 0.06931471079587936 0.3240581452846527 -0.13862942159175873 0.06439797580242157
0.0182943232357502 0.06931471079587936 0.28823021054267883 -0.13862942159175873 0.07332603633403778
0.019942857325077057 0.06931471079587936 0.2691267728805542 -0.13862942159175873 0.07338812202215195
0.011162790469825268 0.06931471079587936 0.3355724513530731 -0.13862942159175873 0.0721881315112114
0.013411854393780231 0.06931471079587936 0.3272855281829834 -0.13862942159175873 0.0690162405371666
0.014157705008983612 0.06931471079587936 0.29085773229599 -0.13862942159175873 0.074240542948246
0.009156079031527042 0.06931471079587936 0.29775702953338623 -0.13862942159175873 0.07119940221309662
0.01913275197148323 0.06931471079587936 0.28022104501724243 -0.13862942159175873 0.06684315949678421
0.012694761157035828 0.06931471079587936 0.26362746953964233 -0.13862942159175873 0.06674593687057495
0.012521469965577126 0.06931471079587936 0.28987550735473633 -0.13862942159175873 0.06857013702392578
0.02229536883533001 0.06931471079587936 0.2627581059932709 -0.13862942159175873 0.06849256902933121
0.03211174160242081 0.06931471079587936 0.29543784260749817 -0.13862942159175873 0.06519865989685059
0.01022439356893301 0.06931471079587936 0.28857937455177307 -0.13862942159175873 0.06530001759529114
0.018955370411276817 0.06931471079587936 0.2958230972290039 -0.13862942159175873 0.06159164756536484
0.011297522112727165 0.06931471079587936 0.24233166873455048 -0.13862942159175873 0.059279534965753555
0.022207187488675117 0.06931471079587936 0.2511478066444397 -0.13862942159175873 0.06101015955209732
0.022588228806853294 0.06931471079587936 0.25246748328208923 -0.13862942159175873 0.06247533857822418
0.015694689005613327 0.06931471079587936 0.27566760778427124 -0.13862942159175873 0.05796217918395996
0.01752040721476078 0.06931471079587936 0.23220565915107727 -0.13862942159175873 0.05923335254192352
0.011938166804611683 0.06931471079587936 0.20629474520683289 -0.13862942159175873 0.06510281562805176
0.018238291144371033 0.06931471079587936 0.2974224090576172 -0.13862942159175873 0.059490300714969635
0.034422747790813446 0.06931471079587936 0.23799262940883636 -0.13862942159175873 0.06221393495798111
0.030283795669674873 0.06931471079587936 0.25653553009033203 -0.13862942159175873 0.0665033757686615
0.01698002964258194 0.06931471079587936 0.23616866767406464 -0.13862942159175873 0.06150979548692703
0.03906235098838806 0.06931471079587936 0.28434449434280396 -0.13862942159175873 0.06999409198760986
0.018120091408491135 0.06931471079587936 0.23787564039230347 -0.13862942159175873 0.05933653935790062
0.02636735513806343 0.06931471079587936 0.23113609850406647 -0.13862942159175873 0.04972504824399948
0.014183848164975643 0.06931471079587936 0.2115211933851242 -0.13862942159175873 0.062378909438848495
0.021184086799621582 0.06931471079587936 0.2687622606754303 -0.13862942159175873 0.0546887069940567
0.011641254648566246 0.06931471079587936 0.24866074323654175 -0.13862942159175873 0.05679510533809662
0.01702279970049858 0.06931471079587936 0.2227858006954193 -0.13862942159175873 0.049318429082632065
0.00830454844981432 0.06931471079587936 0.24053025245666504 -0.13862942159175873 0.057376012206077576
0.007933644577860832 0.06931471079587936 0.23652078211307526 -0.13862942159175873 0.060681186616420746
0.015796978026628494 0.06931471079587936 0.2179926633834839 -0.13862942159175873 0.05688965320587158
0.009134136140346527 0.06931471079587936 0.2076927274465561 -0.13862942159175873 0.05339372158050537
0.023553404957056046 0.06931471824645996 0.2534550130367279 -0.13862942159175873 0.05068381875753403
0.016089798882603645 0.06931471079587936 0.17378537356853485 -0.13862943649291992 0.05546572804450989
0.01385870948433876 0.06931471824645996 0.20249658823013306 -0.13862942159175873 0.05516136810183525
0.011541871353983879 0.06931471079587936 0.21173416078090668 -0.13862942159175873 0.0506652370095253
0.02113819681107998 0.06931471079587936 0.2085496038198471 -0.13862943649291992 0.05549890547990799
0.010212265886366367 0.06931471824645996 0.2232065498828888 -0.13862943649291992 0.0574527233839035
0.02173694409430027 0.06931471824645996 0.2368975132703781 -0.13862943649291992 0.04973933845758438
0.006645923480391502 0.06931471824645996 0.2050887793302536 -0.13862943649291992 0.0565841943025589
0.02520759217441082 0.06931471824645996 0.19580882787704468 -0.13862943649291992 0.052945081144571304
0.019302736967802048 0.06931471824645996 0.21426379680633545 -0.13862943649291992 0.050666868686676025
0.012880722992122173 0.06931471824645996 0.18907198309898376 -0.13862943649291992 0.05508921295404434
0.007590222172439098 0.06931471824645996 0.1641693264245987 -0.13862943649291992 0.04503816366195679
0.028897184878587723 0.06931471824645996 0.19649666547775269 -0.13862943649291992 0.05177920684218407
0.02080363593995571 0.06931471824645996 0.19760853052139282 -0.13862943649291992 0.04054318740963936
0.009700472466647625 0.06931471824645996 0.1442059725522995 -0.13862943649291992 0.046278372406959534
0.00535215437412262 0.06931471824645996 0.16465744376182556 -0.13862943649291992 0.04934685304760933
0.00867229700088501 0.06931471824645996 0.1774292290210724 -0.13862943649291992 0.05091153830289841
0.014784397557377815 0.06931471824645996 0.21269948780536652 -0.13862943649291992 0.049056779593229294
0.02095516212284565 0.06931471824645996 0.16652970016002655 -0.13862943649291992 0.05372866988182068
0.014373335987329483 0.06931471824645996 0.15536069869995117 -0.13862943649291992 0.05146895349025726
0.014995167031884193 0.06931471824645996 0.18120478093624115 -0.13862943649291992 0.04986238852143288
0.006449407897889614 0.06931471824645996 0.20807114243507385 -0.13862943649291992 0.04414939135313034
0.006349897012114525 0.06931471824645996 0.16549718379974365 -0.13862943649291992 0.04413622245192528
0.022221198305487633 0.06931471824645996 0.16990697383880615 -0.13862943649291992 0.04618661850690842
0.014933825470507145 0.06931471824645996 0.15602192282676697 -0.13862943649291992 0.045471999794244766
0.011372998356819153 0.06931471824645996 0.1480100452899933 -0.13862943649291992 0.04212033376097679
0.0367598794400692 0.06931471824645996 0.19619935750961304 -0.13862943649291992 0.04625586420297623
0.014143051579594612 0.06931471824645996 0.1840919554233551 -0.13862943649291992 0.040766939520835876
0.014220120385289192 0.06931471824645996 0.18238738179206848 -0.13862943649291992 0.04433402791619301
0.00946183130145073 0.06931471824645996 0.195559561252594 -0.13862943649291992 0.051914408802986145
0.011226208880543709 0.06931471824645996 0.15505146980285645 -0.13862943649291992 0.038807839155197144
0.015016772784292698 0.06931471824645996 0.1748136579990387 -0.13862943649291992 0.04952128231525421
0.022764822468161583 0.06931471079587936 0.1904906928539276 -0.13862942159175873 0.03937622159719467
0.017002522945404053 0.06931471079587936 0.14969590306282043 -0.13862942159175873 0.041809216141700745
0.00884294230490923 0.06931471079587936 0.14412462711334229 -0.13862942159175873 0.041379790753126144
0.016644824296236038 0.06931471079587936 0.12617014348506927 -0.13862942159175873 0.044381629675626755
0.011012796312570572 0.06931471079587936 0.13853546977043152 -0.13862942159175873 0.03807230666279793
0.009717619977891445 0.06931471079587936 0.14580051600933075 -0.13862942159175873 0.04463359713554382
0.010179790668189526 0.06931471079587936 0.15953974425792694 -0.13862942159175873 0.045119233429431915
0.007408740930259228 0.06931471079587936 0.1867332011461258 -0.13862942159175873 0.04111545905470848
0.017206985503435135 0.06931471079587936 0.1271277815103531 -0.13862942159175873 0.044907622039318085
0.021262750029563904 0.06931471079587936 0.1951027512550354 -0.13862942159175873 0.039014287292957306
0.008657899685204029 0.06931471079587936 0.164473295211792 -0.13862942159175873 0.047341134399175644
0.019592486321926117 0.06931471079587936 0.16057851910591125 -0.13862942159175873 0.04473556950688362
0.015100506134331226 0.06931471079587936 0.16278520226478577 -0.13862942159175873 0.038818344473838806
0.013012891635298729 0.06931471079587936 0.136388897895813 -0.13862942159175873 0.04049809277057648
0.011993100866675377 0.06931471079587936 0.15725573897361755 -0.13862942159175873 0.04136703535914421
0.012568504549562931 0.06931471079587936 0.1479247510433197 -0.13862942159175873 0.03781925141811371
0.016454452648758888 0.06931471079587936 0.15578162670135498 -0.13862942159175873 0.043097592890262604
0.024650847539305687 0.06931471079587936 0.15151380002498627 -0.13862942159175873 0.03721218556165695
0.014894193038344383 0.06931471079587936 0.12987171113491058 -0.13862942159175873 0.042023103684186935
0.02542794682085514 0.06931471079587936 0.18242745101451874 -0.13862942159175873 0.04368852451443672
0.025770623236894608 0.06931471079587936 0.14243806898593903 -0.13862943649291992 0.03673255443572998
0.00707640964537859 0.06931471079587936 0.13296787440776825 -0.13862942159175873 0.03697435185313225
0.012522560544312 0.06931471824645996 0.14170964062213898 -0.13862943649291992 0.03789963945746422
0.014877562411129475 0.06931471079587936 0.15320251882076263 -0.13862942159175873 0.04768311604857445
0.012804078869521618 0.06931471824645996 0.18069730699062347 -0.13862942159175873 0.04505045339465141
0.01930459588766098 0.06931471079587936 0.16022203862667084 -0.13862942159175873 0.040198296308517456
0.010820511728525162 0.06931471079587936 0.11333727091550827 -0.13862943649291992 0.038897156715393066
