2.2995731830596924 0.06989209353923798 6.925215721130371 -0.14186476171016693 0.10370407998561859
1.4999170303344727 0.06931889802217484 5.211681365966797 -0.13863852620124817 0.14400489628314972
0.8125709891319275 0.06931521743535995 3.47066330909729 -0.1386309713125229 0.19893088936805725
0.4884641766548157 0.06931481510400772 2.6876163482666016 -0.13862954080104828 0.22688469290733337
0.27161264419555664 0.06931471824645996 1.6180365085601807 -0.13862943649291992 0.21543708443641663
0.24258899688720703 0.06931471824645996 1.2582429647445679 -0.13862943649291992 0.19631686806678772
0.19156017899513245 0.06931471824645996 0.8389615416526794 -0.13862943649291992 0.1744004189968109
0.14098137617111206 0.06931471824645996 0.7142267823219299 -0.13862943649291992 0.15554234385490417
0.14248992502689362 0.06931471824645996 0.6240934729576111 -0.13862943649291992 0.15798038244247437
0.07606101781129837 0.06931471824645996 0.417722225189209 -0.13862943649291992 0.14530999958515167
0.10802534222602844 0.06931471824645996 0.4802328646183014 -0.13862943649291992 0.13879096508026123
0.04142596572637558 0.06931471824645996 0.3106653392314911 -0.13862943649291992 0.11887523531913757
0.1054498702287674 0.06931471824645996 0.3138844072818756 -0.13862943649291992 0.11250674724578857
0.05014076828956604 0.06931471824645996 0.26694154739379883 -0.13862943649291992 0.09607736766338348
0.0890096127986908 0.06931471824645996 0.3187270760536194 -0.13862943649291992 0.11336922645568848
0.0413593128323555 0.06931471824645996 0.2396271526813507 -0.13862943649291992 0.08985689282417297
0.0389869324862957 0.06931471824645996 0.22672007977962494 -0.13862943649291992 0.10020466148853302
0.04641737788915634 0.06931471824645996 0.14560481905937195 -0.13862943649291992 0.08691490441560745
0.06596098840236664 0.06931471824645996 0.18587003648281097 -0.13862943649291992 0.0900157168507576
0.06477998197078705 0.06931471824645996 0.10980761796236038 -0.13862943649291992 0.0808376744389534
0.03007076494395733 0.06931471824645996 0.11092843115329742 -0.13862943649291992 0.08730147778987885
0.03972864896059036 0.06931471824645996 0.14877182245254517 -0.13862943649291992 0.08312932401895523
0.017850495874881744 0.06931471824645996 0.20092882215976715 -0.13862943649291992 0.05940601974725723
0.021418021991848946 0.06931471824645996 0.09458120167255402 -0.13862943649291992 0.08356170356273651
0.01789093017578125 0.06931471824645996 0.10255596041679382 -0.13862943649291992 0.07188887149095535
0.009697537869215012 0.06931471824645996 0.1202198937535286 -0.13862943649291992 0.08059477806091309
0.03311607241630554 0.06931471824645996 0.11858034878969193 -0.13862943649291992 0.07786893844604492
0.012323049828410149 0.06931471824645996 0.12195983529090881 -0.13862943649291992 0.05986211448907852
0.009449340403079987 0.06931471824645996 0.08915455639362335 -0.13862943649291992 0.051711127161979675
0.017039842903614044 0.06931471824645996 0.08631765097379684 -0.13862943649291992 0.06182046979665756
0.01463598944246769 0.06931471824645996 0.07019621878862381 -0.13862943649291992 0.056323833763599396
0.013796217739582062 0.06931471824645996 0.05133798345923424 -0.13862943649291992 0.057269006967544556
0.05668286979198456 0.06931471824645996 0.10147269070148468 -0.13862943649291992 0.06161806359887123
0.012593232095241547 0.06931471824645996 0.05883508920669556 -0.13862943649291992 0.046148188412189484
0.0073623452335596085 0.06931471824645996 0.03896097093820572 -0.13862943649291992 0.05089219659566879
0.019658131524920464 0.06931471824645996 0.07244033366441727 -0.13862943649291992 0.04969007521867752
0.017235280945897102 0.06931471824645996 0.10165847092866898 -0.13862943649291992 0.04697289317846298
0.009446797892451286 0.06931471824645996 0.05835694074630737 -0.13862943649291992 0.06872817128896713
0.016477320343255997 0.06931471824645996 0.029874352738261223 -0.13862943649291992 0.05996842682361603
0.007934849709272385 0.06931471824645996 0.03351467847824097 -0.13862943649291992 0.05041877180337906
0.0054888129234313965 0.06931471824645996 0.06149803102016449 -0.13862943649291992 0.05762788653373718
0.03470523655414581 0.06931471824645996 0.05436559021472931 -0.13862943649291992 0.0696362629532814
0.00517132505774498 0.06931471824645996 0.08426067978143692 -0.13862943649291992 0.04348627105355263
0.013676302507519722 0.06931471824645996 0.02368520013988018 -0.13862943649291992 0.05833008512854576
0.04871669039130211 0.06931471824645996 0.06185586750507355 -0.13862943649291992 0.04863172397017479
0.00908663123846054 0.06931471824645996 0.06912394613027573 -0.13862943649291992 0.04117770493030548
0.004706362262368202 0.06931471824645996 0.009017165750265121 -0.13862943649291992 0.05435795709490776
0.005329929292201996 0.06931471824645996 0.043333739042282104 -0.13862943649291992 0.03897988423705101
0.009769965894520283 0.06931471824645996 0.022291362285614014 -0.13862943649291992 0.04419027641415596
0.013125438243150711 0.06931471824645996 0.025739602744579315 -0.13862943649291992 0.04174241051077843
0.007530935108661652 0.06931471824645996 0.027091309428215027 -0.13862943649291992 0.049182645976543427
0.0031935982406139374 0.06931471824645996 0.01933100074529648 -0.13862943649291992 0.0448223315179348
0.015530621632933617 0.06931471824645996 0.07582852989435196 -0.13862943649291992 0.049688778817653656
0.014718946069478989 0.06931471824645996 0.010871844366192818 -0.13862943649291992 0.05920600891113281
0.006549909710884094 0.06931471824645996 0.007767984643578529 -0.13862943649291992 0.0431232675909996
0.009584957733750343 0.06931471824645996 0.05553479120135307 -0.13862943649291992 0.06124678999185562
0.007234873250126839 0.06931471824645996 0.0416293665766716 -0.13862943649291992 0.03276413679122925
0.005889812484383583 0.06931471824645996 0.04033391550183296 -0.13862943649291992 0.041491612792015076
0.028224579989910126 0.06931471824645996 0.06119249016046524 -0.13862943649291992 0.04439670592546463
0.003589550033211708 0.06931471824645996 0.05636052414774895 -0.13862943649291992 0.038485050201416016
0.005266029387712479 0.06931471824645996 0.025210851803421974 -0.13862943649291992 0.04798915609717369
0.008983660489320755 0.06931471824645996 0.027944084256887436 -0.13862943649291992 0.0361894816160202
0.008493770845234394 0.06931471824645996 0.0899689793586731 -0.13862943649291992 0.04434538260102272
0.02798530086874962 0.06931471824645996 0.022948071360588074 -0.13862943649291992 0.0285009928047657
0.01663029007613659 0.06931471824645996 0.001620650291442871 -0.13862943649291992 0.03485436365008354
0.015189537778496742 0.06931471824645996 0.06822747737169266 -0.13862943649291992 0.03729665279388428
0.00966557115316391 0.06931471824645996 0.017398221418261528 -0.13862943649291992 0.02604595571756363
0.009307671338319778 0.06931471824645996 0.03181210532784462 -0.13862943649291992 0.030060213059186935
0.00412297248840332 0.06931471824645996 0.01955406181514263 -0.13862943649291992 0.036084964871406555
0.018148431554436684 0.06931471824645996 0.014444421976804733 -0.13862943649291992 0.038211748003959656
0.019277423620224 0.06931471824645996 0.009193241596221924 -0.13862943649291992 0.04034458100795746
0.012166166678071022 0.06931471824645996 0.038130879402160645 -0.13862943649291992 0.05250875651836395
0.009817078709602356 0.06931471824645996 0.04299410060048103 -0.13862943649291992 0.03774869814515114
0.018292605876922607 0.06931471824645996 0.0816880613565445 -0.13862943649291992 0.04019404202699661
0.02582201547920704 0.06931471824645996 0.028997479006648064 -0.13862943649291992 0.03044861927628517
0.006002506241202354 0.06931471824645996 0.04356788843870163 -0.13862943649291992 0.03245970606803894
0.0070725977420806885 0.06931471824645996 0.08155138790607452 -0.13862943649291992 0.04091230034828186
0.011034803465008736 0.06931471824645996 0.019795579835772514 -0.13862943649291992 0.05255243182182312
0.011415496468544006 0.06931471824645996 0.011448302306234837 -0.13862943649291992 0.03726031631231308
0.005527224391698837 0.06931471824645996 0.07689589262008667 -0.13862943649291992 0.04914439469575882
0.0128129031509161 0.06931471824645996 0.023165687918663025 -0.13862943649291992 0.034986384212970734
0.041427262127399445 0.06931471824645996 0.023392746224999428 -0.13862943649291992 0.036017898470163345
0.009289020672440529 0.06931471824645996 0.04279468208551407 -0.13862943649291992 0.03619519621133804
0.007011907175183296 0.06931471824645996 0.0207874346524477 -0.13862943649291992 0.03622737526893616
0.009482542052865028 0.06931471824645996 0.04964422434568405 -0.13862943649291992 0.03469591960310936
0.003539709374308586 0.06931471824645996 0.017570707947015762 -0.13862943649291992 0.03660254180431366
0.00779297947883606 0.06931471824645996 0.03560257703065872 -0.13862943649291992 0.043818164616823196
0.011012081056833267 0.06931471824645996 0.00623694621026516 -0.13862943649291992 0.038291312754154205
0.01316775567829609 0.06931471824645996 0.02076106332242489 -0.13862943649291992 0.033751230686903
0.005386151373386383 0.06931471824645996 0.0525452084839344 -0.13862943649291992 0.0247487872838974
0.006253782659769058 0.06931471824645996 0.027368515729904175 -0.13862943649291992 0.038473207503557205
0.011463085189461708 0.06931471824645996 0.02216741442680359 -0.13862943649291992 0.018496425822377205
0.016245011240243912 0.06931471824645996 0.026085615158081055 -0.13862943649291992 0.03402320668101311
0.006646044552326202 0.06931471824645996 0.036512359976768494 -0.13862943649291992 0.029599865898489952
0.012081827968358994 0.06931471824645996 0.014481340534985065 -0.13862943649291992 0.03277468681335449
0.004374079406261444 0.06931471824645996 0.01118421833962202 -0.13862943649291992 0.01894010230898857
0.0072630178183317184 0.06931471824645996 0.04974452778697014 -0.13862943649291992 0.04228629171848297
0.02214365452528 0.06931471824645996 0.03167760372161865 -0.13862943649291992 0.035567402839660645
0.0061496105045080185 0.06931471824645996 0.015079357661306858 -0.13862943649291992 0.02692069485783577
0.0029501914978027344 0.06931471824645996 0.03131433203816414 -0.13862943649291992 0.035147618502378464
0.005409412086009979 0.06931471824645996 0.025296557694673538 -0.13862943649291992 0.02481239102780819
0.019901935011148453 0.06931471824645996 0.006499674171209335 -0.13862943649291992 0.038833778351545334
0.005310336127877235 0.06931471824645996 0.026442764326930046 -0.13862943649291992 0.03846689313650131
0.010318882763385773 0.06931471824645996 0.027062132954597473 -0.13862943649291992 0.03059372678399086
0.010648142546415329 0.06931471824645996 0.05818748474121094 -0.13862943649291992 0.03203698247671127
0.026977412402629852 0.06931471824645996 0.025078486651182175 -0.13862943649291992 0.037124864757061005
0.00761532224714756 0.06931471824645996 0.0493951290845871 -0.13862943649291992 0.0287161972373724
0.00923307053744793 0.06931471824645996 0.03700186312198639 -0.13862943649291992 0.03959924727678299
0.004651239141821861 0.06931471824645996 0.014370152726769447 -0.13862943649291992 0.030525289475917816
0.014769554138183594 0.06931471824645996 0.031176194548606873 -0.13862943649291992 0.03445187956094742
0.044216953217983246 0.06931471824645996 0.08061283826828003 -0.13862943649291992 0.032099220901727676
0.0037604086101055145 0.06931471824645996 0.014402697794139385 -0.13862943649291992 0.03765060380101204
0.01183580793440342 0.06931471824645996 0.029684439301490784 -0.13862943649291992 0.021947406232357025
0.003904346376657486 0.06931471824645996 0.060017116367816925 -0.13862943649291992 0.04284106194972992
0.004582822322845459 0.06931471824645996 0.02426222339272499 -0.13862943649291992 0.03811931610107422
0.004768587648868561 0.06931471824645996 0.021499235183000565 -0.13862943649291992 0.019116397947072983
0.0063253846019506454 0.06931471824645996 0.05047548562288284 -0.13862943649291992 0.03346933797001839
0.007511895149946213 0.06931471824645996 0.009334119036793709 -0.13862943649291992 0.0359380766749382
0.010823504999279976 0.06931471824645996 0.020642483606934547 -0.13862943649291992 0.03833908960223198
0.0038379784673452377 0.06931471824645996 0.023641478270292282 -0.13862943649291992 0.01940244436264038
0.005527930334210396 0.06931471824645996 0.029608186334371567 -0.13862943649291992 0.022040802985429764
0.011163441464304924 0.06931471824645996 0.017222780734300613 -0.13862943649291992 0.033046185970306396
0.00420655682682991 0.06931471824645996 0.04786401242017746 -0.13862943649291992 0.03130914270877838
0.007168019190430641 0.06931471824645996 0.03602105379104614 -0.13862943649291992 0.03300262242555618
0.010286130011081696 0.06931471824645996 0.01512587908655405 -0.13862943649291992 0.029155436903238297
0.0041335634887218475 0.06931471824645996 0.02474389784038067 -0.13862943649291992 0.029895830899477005
0.0071510374546051025 0.06931471824645996 0.005848392844200134 -0.13862943649291992 0.04835677891969681
0.007039528340101242 0.06931471824645996 0.013048438355326653 -0.13862943649291992 0.04002736881375313
0.006995834410190582 0.06931471824645996 0.010526426136493683 -0.13862943649291992 0.04131154343485832
0.012487851083278656 0.06931471824645996 0.022109171375632286 -0.13862943649291992 0.047309331595897675
0.005901740863919258 0.06931471824645996 0.035252831876277924 -0.13862943649291992 0.03043035976588726
0.009250866249203682 0.06931471824645996 0.028200043365359306 -0.13862943649291992 0.026944294571876526
0.010725399479269981 0.06931471824645996 0.015842255204916 -0.13862943649291992 0.036421261727809906
0.022432109341025352 0.06931471824645996 0.025255916640162468 -0.13862943649291992 0.053469009697437286
0.00741209089756012 0.06931471824645996 0.05813674256205559 -0.13862943649291992 0.024937139824032784
0.00809049978852272 0.06931471824645996 0.03401849418878555 -0.13862943649291992 0.027370674535632133
0.01701333373785019 0.06931471824645996 0.04073094576597214 -0.13862943649291992 0.039921119809150696
0.013936175033450127 0.06931471824645996 0.016490012407302856 -0.13862943649291992 0.0355331115424633
0.007232220843434334 0.06931471824645996 0.0046665724366903305 -0.13862943649291992 0.035631585866212845
0.00887606106698513 0.06931471824645996 0.03760881721973419 -0.13862943649291992 0.047859009355306625
0.006888817995786667 0.06931471824645996 0.031191593036055565 -0.13862943649291992 0.03230009227991104
0.002768218517303467 0.06931471824645996 0.003171349875628948 -0.13862943649291992 0.032184064388275146
0.007731964811682701 0.06931471824645996 0.003054572269320488 -0.13862943649291992 0.046557631343603134
0.010095566511154175 0.06931471824645996 0.03452284261584282 -0.13862943649291992 0.0316675640642643
0.007015671581029892 0.06931471824645996 0.021405452862381935 -0.13862943649291992 0.031770844012498856
0.06034368649125099 0.06931471824645996 0.024041201919317245 -0.13862943649291992 0.037264134734869
0.010686751455068588 0.06931471824645996 0.036877281963825226 -0.13862943649291992 0.03544335067272186
0.007826490327715874 0.06931471824645996 0.044696103781461716 -0.13862943649291992 0.030855411663651466
0.007102122530341148 0.06931471824645996 0.0505780354142189 -0.13862943649291992 0.04029029980301857
0.005357017740607262 0.06931471824645996 0.03791305422782898 -0.13862943649291992 0.03974954038858414
0.02446216531097889 0.06931471824645996 0.012075049802660942 -0.13862943649291992 0.0530928373336792
0.0036159269511699677 0.06931471824645996 0.03478718549013138 -0.13862943649291992 0.022501172497868538
0.0059907883405685425 0.06931471824645996 0.0235256589949131 -0.13862943649291992 0.03015834465622902
0.008800558745861053 0.06931471824645996 0.008807754144072533 -0.13862943649291992 0.03822757303714752
0.006547030061483383 0.06931471824645996 0.010508568957448006 -0.13862943649291992 0.03151737153530121
0.0129551962018013 0.06931471824645996 0.008408106863498688 -0.13862943649291992 0.044619910418987274
0.018797608092427254 0.06931471824645996 0.005318278446793556 -0.13862943649291992 0.03235635533928871
0.007763132452964783 0.06931471824645996 0.028858060017228127 -0.13862943649291992 0.04592112451791763
0.012999292463064194 0.06931471824645996 0.007852122187614441 -0.13862943649291992 0.05682084709405899
0.006467560306191444 0.06931471824645996 0.028751637786626816 -0.13862943649291992 0.04136807098984718
0.01720312051475048 0.06931471824645996 0.036667898297309875 -0.13862943649291992 0.027692627161741257
0.009964173659682274 0.06931471824645996 0.026193171739578247 -0.13862943649291992 0.03328182175755501
0.0042566172778606415 0.06931471824645996 0.03518500179052353 -0.13862943649291992 0.052287399768829346
0.004682399332523346 0.06931471824645996 0.01117413118481636 -0.13862943649291992 0.05716446042060852
0.013245491310954094 0.06931471824645996 0.01792532205581665 -0.13862943649291992 0.024692358449101448
0.03781420737504959 0.06931471824645996 0.02279411070048809 -0.13862943649291992 0.05973219498991966
0.0039478205144405365 0.06931471824645996 0.03402271866798401 -0.13862943649291992 0.031960662454366684
0.0117853544652462 0.06931471824645996 0.054224468767642975 -0.13862943649291992 0.03890601918101311
0.018434623256325722 0.06931471824645996 0.010660575702786446 -0.13862943649291992 0.03285299614071846
0.008133990690112114 0.06931471824645996 0.018039612099528313 -0.13862943649291992 0.04029868543148041
0.007198873907327652 0.06931471824645996 0.020364273339509964 -0.13862943649291992 0.05647120624780655
0.009848419576883316 0.06931471824645996 0.018692104145884514 -0.13862943649291992 0.048075295984745026
0.007962144911289215 0.06931471824645996 0.014867277815937996 -0.13862943649291992 0.03364874795079231
0.0157101321965456 0.06931471824645996 0.05178659409284592 -0.13862943649291992 0.046445779502391815
0.008803360164165497 0.06931471824645996 0.03789617493748665 -0.13862943649291992 0.04691874608397484
0.0075530558824539185 0.06931471824645996 0.05233403667807579 -0.13862943649291992 0.04254255071282387
0.009879443794488907 0.06931471824645996 0.05028754845261574 -0.13862943649291992 0.02765686810016632
0.0038501396775245667 0.06931471824645996 0.016292506828904152 -0.13862943649291992 0.046822257339954376
0.01331644132733345 0.06931471824645996 0.045037221163511276 -0.13862943649291992 0.028428126126527786
0.007010778412222862 0.06931471824645996 0.007763195782899857 -0.13862943649291992 0.03642813116312027
0.00357230007648468 0.06931471824645996 0.02261706069111824 -0.13862943649291992 0.044365424662828445
0.007035514339804649 0.06931471824645996 0.007028199732303619 -0.13862943649291992 0.053191859275102615
0.017510030418634415 0.06931471824645996 0.021874673664569855 -0.13862943649291992 0.04372958093881607
0.0081369299441576 0.06931471824645996 0.033178962767124176 -0.13862943649291992 0.04419131949543953
0.007611287757754326 0.06931471824645996 0.05544280633330345 -0.13862943649291992 0.04270993918180466
0.00583837553858757 0.06931471824645996 0.02007061056792736 -0.13862943649291992 0.03895360976457596
0.007204726338386536 0.06931471824645996 0.023988379165530205 -0.13862943649291992 0.03784192353487015
0.003590129315853119 0.06931471824645996 0.020257998257875443 -0.13862943649291992 0.043707720935344696
0.0092974454164505 0.06931471824645996 0.021673953160643578 -0.13862943649291992 0.03612802177667618
0.0043527670204639435 0.06931471824645996 0.039383962750434875 -0.13862943649291992 0.02928113378584385
0.0048497505486011505 0.06931471824645996 0.019831227138638496 -0.13862943649291992 0.06385628134012222
0.017719587311148643 0.06931471824645996 0.032115254551172256 -0.13862943649291992 0.037444110959768295
0.0034581348299980164 0.06931471824645996 0.01698983646929264 -0.13862943649291992 0.0376334972679615
0.003934144973754883 0.06931471824645996 0.01366594061255455 -0.13862943649291992 0.047305505722761154
0.007125886157155037 0.06931471824645996 0.014872537925839424 -0.13862943649291992 0.047120265662670135
0.0028659366071224213 0.06931471824645996 0.016326822340488434 -0.13862943649291992 0.04973822087049484
0.020776575431227684 0.06931471824645996 0.020100606605410576 -0.13862943649291992 0.030650276690721512
0.014581333845853806 0.06931471824645996 0.006332678720355034 -0.13862943649291992 0.023072239011526108
0.006742753088474274 0.06931471824645996 0.03438700735569 -0.13862943649291992 0.03464633598923683
0.004974227398633957 0.06931471824645996 0.016521649435162544 -0.13862943649291992 0.027235178276896477
