0.020023467019200325 1.979933261871338 2.019404172897339
0.004457403905689716 0.43245455622673035 0.43233975768089294
0.0033752198796719313 0.46549123525619507 0.4678356647491455
0.002719283103942871 0.33188873529434204 0.33501023054122925
0.003180654952302575 0.4315711259841919 0.43446195125579834
0.003184062661603093 0.24340806901454926 0.24415156245231628
0.003780726809054613 0.4257313311100006 0.42248836159706116
0.0026072582695633173 0.257622092962265 0.25239911675453186
0.003811578033491969 0.3339366614818573 0.33081838488578796
0.0027483762241899967 0.3144875466823578 0.3160210847854614
0.0024223006330430508 0.23758867383003235 0.2383156418800354
0.003073678119108081 0.315479576587677 0.31653639674186707
0.0019571329466998577 0.35508257150650024 0.3520004153251648
0.0020922257099300623 0.2396588921546936 0.2414444237947464
0.007300513796508312 0.3129744827747345 0.3326132893562317
0.004097485449165106 0.18743552267551422 0.18194971978664398
0.002902499632909894 0.17573660612106323 0.17560455203056335
0.0019420338794589043 0.2242608219385147 0.22404246032238007
0.004511293023824692 0.12918321788311005 0.13163015246391296
0.0014077754458412528 0.20920303463935852 0.21176865696907043
0.0024265048559755087 0.22259724140167236 0.22405800223350525
0.0031525325030088425 0.25002169609069824 0.25137972831726074
0.0025099364574998617 0.28449317812919617 0.2872045338153839
0.002072467701509595 0.2375519871711731 0.23188680410385132
0.0019435917492955923 0.2922995686531067 0.29145798087120056
0.0017354858573526144 0.16433288156986237 0.16394369304180145
0.0014566222671419382 0.23225748538970947 0.23177501559257507
0.0018724834080785513 0.19815118610858917 0.19884464144706726
0.0020032604224979877 0.16522826254367828 0.16597437858581543
0.002436630893498659 0.21826432645320892 0.21564608812332153
0.001944392453879118 0.21267272531986237 0.21266144514083862
0.0019017058657482266 0.14277496933937073 0.14237791299819946
0.0016042357310652733 0.21500948071479797 0.21406802535057068
0.002073512179777026 0.29024791717529297 0.28858572244644165
0.0018170293187722564 0.1925826370716095 0.19110508263111115
0.0017389627173542976 0.21659541130065918 0.21889755129814148
0.0013756802072748542 0.13950031995773315 0.14152474701404572
0.0015431757783517241 0.25996899604797363 0.26040124893188477
0.0021360137034207582 0.14802366495132446 0.15076999366283417
0.0017031211173161864 0.2673267126083374 0.2698622941970825
0.0012830458581447601 0.19732245802879333 0.20024660229682922
0.0013879057951271534 0.13715794682502747 0.13684001564979553
0.0017879578517749906 0.2784171402454376 0.28405675292015076
0.0015834553632885218 0.2532998323440552 0.25146347284317017
0.0018885276513174176 0.2380547821521759 0.2332615852355957
0.0016712978249415755 0.20152577757835388 0.20513850450515747
0.002311163814738393 0.11839263141155243 0.1152530312538147
0.0008658745209686458 0.16058245301246643 0.16100125014781952
0.0021064579486846924 0.1586211621761322 0.15880435705184937
0.0011720629408955574 0.2637728154659271 0.2635991871356964
0.001256452756933868 0.061845969408750534 0.06373689323663712
0.0016633940394967794 0.24554644525051117 0.24368269741535187
0.0014943729620426893 0.21777400374412537 0.2145252674818039
0.0017569705378264189 0.14525119960308075 0.1445634365081787
0.0010805487399920821 0.12184499949216843 0.1207548975944519
0.001891047810204327 0.14723259210586548 0.14554160833358765
0.002099075587466359 0.15253819525241852 0.14781802892684937
0.001283640624023974 0.20783907175064087 0.2103186547756195
0.0018330139573663473 0.20178742706775665 0.20336677134037018
0.0018722787499427795 0.09709294140338898 0.1021725982427597
0.001609903876669705 0.1712670773267746 0.17266598343849182
0.0012243423843756318 0.07102174311876297 0.0711832046508789
0.0012147913221269846 0.10205747932195663 0.10469621419906616
0.0010926742106676102 0.2142142951488495 0.21808329224586487
0.0012444223975762725 0.15661177039146423 0.15730901062488556
0.001672686543315649 0.04740293323993683 0.04836496338248253
0.0013117145281285048 0.13358524441719055 0.13121509552001953
0.0015044129686430097 0.1211782917380333 0.12077593058347702
0.0010138057405129075 0.18549802899360657 0.18523648381233215
0.0016337661072611809 0.09209738671779633 0.0923868715763092
0.0015050004003569484 0.1385268270969391 0.13801640272140503
0.0011237929575145245 0.16367962956428528 0.16622109711170197
0.0013190394965931773 0.10517556220293045 0.10036201030015945
0.0009810221381485462 0.24410170316696167 0.24196530878543854
0.001882377895526588 0.233876034617424 0.23196172714233398
0.0012294885236769915 0.1691141277551651 0.16686980426311493
0.001478500897064805 0.09642063081264496 0.10015533119440079
0.0009724564151838422 0.16600549221038818 0.1639920175075531
0.0012290426529943943 0.14628949761390686 0.1456959843635559
0.0011761717032641172 0.11161172389984131 0.10955565422773361
0.0010771492961794138 0.13264387845993042 0.13245737552642822
0.0012874905951321125 0.13844221830368042 0.1380632221698761
0.0011572088114917278 0.17678406834602356 0.17873765528202057
0.0011943518184125423 0.16243427991867065 0.16683417558670044
0.0009660733048804104 0.07559984922409058 0.07452493160963058
0.0014421356609091163 0.20060372352600098 0.20083528757095337
0.0010081406217068434 0.12148018181324005 0.1216839924454689
0.002037045545876026 0.07028678059577942 0.07043427228927612
0.0010847729863598943 0.23818929493427277 0.24121984839439392
0.001543914433568716 0.13114416599273682 0.13097861409187317
0.0011663860641419888 0.17654812335968018 0.17690716683864594
0.0008919393294490874 0.1407133936882019 0.13882756233215332
0.0012656875187531114 0.1059613823890686 0.10686272382736206
0.0010726128239184618 0.15750709176063538 0.1606309860944748
0.0012822477146983147 0.17465904355049133 0.1736961305141449
0.0013295796234160662 0.06079832836985588 0.06112585589289665
0.0007713181548751891 0.14716176688671112 0.14798647165298462
0.0012266297126188874 0.08719158917665482 0.08800778537988663
0.0013644031714648008 0.15117928385734558 0.15487176179885864
0.0012269871076568961 0.11882160604000092 0.12048293650150299
0.0011295219883322716 0.08997002243995667 0.08410117030143738
0.001266161329112947 0.06068955361843109 0.058935314416885376
0.0010973885655403137 0.10437071323394775 0.10495517402887344
0.0012811202323064208 0.16999822854995728 0.1683361679315567
0.0012824698351323605 0.12331200391054153 0.12059713155031204
0.0014847005950286984 0.07988344132900238 0.08158248662948608
0.0008414842886850238 0.07990699261426926 0.07921155542135239
0.0008309007971547544 0.10363684594631195 0.10261702537536621
0.001523221144452691 0.0747813954949379 0.07551571726799011
0.0008536296663805842 0.08424356579780579 0.08522609621286392
0.0012433859519660473 0.1305156946182251 0.1334969401359558
0.0009941819589585066 0.08304370939731598 0.08509869128465652
0.000849001226015389 0.06684224307537079 0.0655766949057579
0.0008370108553208411 0.10525635629892349 0.10441961884498596
0.0010922367218881845 0.0756957083940506 0.07467740029096603
0.000910855014808476 0.13045978546142578 0.12836211919784546
0.0009736124193295836 0.10128247737884521 0.10312239825725555
0.0018882463918998837 0.1548076570034027 0.15200045704841614
0.0010720634600147605 0.09994123131036758 0.1032196432352066
0.001316078589297831 0.26247695088386536 0.25924205780029297
0.0008047227747738361 0.0900244414806366 0.08827422559261322
0.0010248146718367934 0.15591850876808167 0.15718019008636475
0.0011357637122273445 0.11632414162158966 0.11370644718408585
0.0009877029806375504 0.09458164870738983 0.0944041833281517
0.0009567703236825764 0.06949482858181 0.07036609947681427
0.0011682314798235893 0.1252385377883911 0.12476494908332825
0.001244072918780148 0.09395551681518555 0.09277898073196411
0.0010078705381602049 0.09658435732126236 0.0973549336194992
0.0012817495735362172 0.12634602189064026 0.1307656168937683
0.0011490476317703724 0.10964622348546982 0.10899730026721954
0.0010485330130904913 0.1002676784992218 0.09918156266212463
0.0010755338007584214 0.11413566023111343 0.11439800262451172
0.0010923335794359446 0.06747232377529144 0.06896504759788513
0.0006480306619778275 0.18881423771381378 0.1939905434846878
0.0010574775515124202 0.10878835618495941 0.1107180118560791
0.0012160924961790442 0.07236862927675247 0.07550862431526184
0.000966088380664587 0.09433765709400177 0.09401344507932663
0.0014025326818227768 0.12130600214004517 0.12254117429256439
0.0008641627500765026 0.13968175649642944 0.1349707394838333
0.0012234249152243137 0.052227359265089035 0.05219035595655441
0.0007751787197776139 0.11578759551048279 0.11490234732627869
0.0009022830054163933 0.06655778735876083 0.06548396497964859
0.0009418887202627957 0.0877399742603302 0.08755955845117569
0.0011194264516234398 0.15885835886001587 0.15139265358448029
0.0014884393895044923 0.10769663751125336 0.10963944345712662
0.001079861307516694 0.08214437961578369 0.08091168105602264
0.0009651032160036266 0.19124186038970947 0.1939225196838379
0.0004763238539453596 0.08347614109516144 0.081248939037323
0.0006796392844989896 0.14671039581298828 0.14887487888336182
0.001241322373971343 0.14192602038383484 0.1375427097082138
0.0013793215621262789 0.07462412118911743 0.07621000707149506
0.0008740834891796112 0.047572508454322815 0.04794133082032204
0.0012467073975130916 0.04835159331560135 0.048154257237911224
0.001079255947843194 0.10405680537223816 0.1045774444937706
0.0014125906163826585 0.12231254577636719 0.12735342979431152
0.001245741848833859 0.04210616648197174 0.04187220707535744
0.000609072856605053 0.04908764362335205 0.04921979829668999
0.0009814861696213484 0.15937671065330505 0.15884487330913544
0.0011587514309212565 0.1687704175710678 0.16653889417648315
0.0010533167514950037 0.22455254197120667 0.2318984866142273
0.0013964100508019328 0.06161690503358841 0.059810809791088104
0.0010030783014371991 0.06361746788024902 0.06373442709445953
0.0011631329543888569 0.11534211039543152 0.11572889238595963
0.0013501695357263088 0.13210931420326233 0.13213492929935455
0.0007091651787050068 0.04893205314874649 0.04719306901097298
0.0009459967841394246 0.03988860547542572 0.0390954464673996
0.0006866057519800961 0.11587149649858475 0.11734331399202347
0.0008958725957199931 0.04305700585246086 0.041791968047618866
0.0008017282816581428 0.0889098197221756 0.08957920223474503
0.0007977628265507519 0.08968501538038254 0.08969844877719879
0.0009972435655072331 0.15738478302955627 0.15800470113754272
0.000958240358158946 0.08558192104101181 0.08749983459711075
0.0010710429633036256 0.1109175831079483 0.11045073717832565
0.0009028224158100784 0.0751185193657875 0.07595369964838028
0.0007388202357105911 0.15573757886886597 0.15567153692245483
0.001269862405024469 0.06525371968746185 0.06756553053855896
0.0010910351993516088 0.1157340258359909 0.11753479391336441
0.0008844452677294612 0.05906946584582329 0.05549066886305809
0.0013083851663395762 0.12353744357824326 0.12271732091903687
0.0008285901276394725 0.13349634408950806 0.13507524132728577
0.0008784617530182004 0.08213575184345245 0.08122192323207855
0.001323962933383882 0.13289791345596313 0.13561132550239563
0.000847563031129539 0.0604645311832428 0.05802953988313675
0.0008454791968688369 0.06780746579170227 0.06867197155952454
0.0008325031958520412 0.10090768337249756 0.10400784015655518
0.0011168541386723518 0.12975040078163147 0.12999127805233002
0.0009084814810194075 0.08446468412876129 0.08213943243026733
0.0006866296753287315 0.06706762313842773 0.06989029794931412
0.0009822245920076966 0.1468663215637207 0.14415313303470612
0.0011435381602495909 0.04450088366866112 0.04383845999836922
0.0010596886277198792 0.0727321207523346 0.06966513395309448
0.0009861178696155548 0.04176413267850876 0.041311345994472504
0.0006530575337819755 0.04012700170278549 0.039988964796066284
0.0008250625105574727 0.05296753719449043 0.053025759756565094
0.0011084128636866808 0.07641920447349548 0.07456286251544952
0.0009213601588271558 0.026159195229411125 0.02535441517829895
0.0012010651407763362 0.06282396614551544 0.06424213945865631
0.0008898984524421394 0.05955617502331734 0.06169174239039421
0.0011194160906597972 0.03622203320264816 0.03551274165511131
0.0012160418555140495 0.04057879000902176 0.04045480862259865
0.0007117099012248218 0.1035856157541275 0.10483918339014053
0.0009142670314759016 0.02944488450884819 0.027792880311608315
0.0010741178411990404 0.09166829288005829 0.0931856632232666
0.0008266917429864407 0.053386494517326355 0.05527957156300545
0.0010443656938150525 0.07678119838237762 0.07769811153411865
0.000807396078016609 0.04324036464095116 0.04421847686171532
0.0005489458562806249 0.0854981541633606 0.08478723466396332
0.0012044287286698818 0.09913235902786255 0.09804488718509674
0.001050773891620338 0.09658735245466232 0.09745695441961288
0.0011616575066000223 0.01654970459640026 0.0171364676207304
0.0012524278135970235 0.04172058776021004 0.04155699163675308
0.0010141010861843824 0.10935512185096741 0.1098783016204834
0.000785456330049783 0.05573044717311859 0.056589219719171524
0.001268954947590828 0.07500430941581726 0.07297751307487488
0.0008779235067777336 0.1123996376991272 0.11481228470802307
0.0007775900303386152 0.11841526627540588 0.11782825738191605
0.0007512665470130742 0.031006842851638794 0.029591798782348633
0.0013670314801856875 0.06829363107681274 0.07004097104072571
0.0008945287554524839 0.16862045228481293 0.16834619641304016
0.0010410776594653726 0.16725870966911316 0.16176383197307587
0.0007846523076295853 0.022108163684606552 0.02401844598352909
0.000969104643445462 0.06236311048269272 0.06253008544445038
0.0008940390544012189 0.1719079613685608 0.17272837460041046
0.001566415186971426 0.05235006660223007 0.053551483899354935
0.0012030807556584477 0.06809473037719727 0.06982825696468353
0.001510700793005526 0.028139563277363777 0.028197472915053368
0.0005735019803978503 0.04571335017681122 0.0461253747344017
0.0008931927150115371 0.07418721914291382 0.07384888082742691
0.0006546385702677071 0.03216259926557541 0.03288116678595543
0.001129541196860373 0.10299773514270782 0.10166756808757782
0.0009354330250062048 0.0755348950624466 0.07387813180685043
0.0007181275286711752 0.102185919880867 0.10410119593143463
0.0008191191591322422 0.0788891389966011 0.07734856009483337
0.0008532182546332479 0.0981304943561554 0.10014627873897552
0.00047526051639579237 0.06555367261171341 0.06557641923427582
