0.6394513249397278 0.07553861290216446 -4.417814254760742 -0.1623263955116272 0.09556546807289124
0.13877052068710327 0.06943843513727188 -32.615234375 -0.1389661729335785 0.035495124757289886
0.11436475068330765 0.06932946294546127 -33.17637252807617 -0.13864639401435852 0.02538222447037697
0.1309785693883896 0.06930993497371674 -32.99567413330078 -0.1386263221502304 0.025895001366734505
0.051411207765340805 0.06931164115667343 -34.385162353515625 -0.13861992955207825 0.019187234342098236
0.04726473614573479 0.06931140273809433 -33.88518142700195 -0.13862015306949615 0.018108276650309563
0.0403536856174469 0.06930980831384659 -34.50033950805664 -0.1386190950870514 0.018459010869264603
0.06992264091968536 0.06930972635746002 -34.465389251708984 -0.13861989974975586 0.013245709240436554
0.16044831275939941 0.06931103020906448 -34.32362365722656 -0.13862207531929016 0.011787529103457928
0.04589400067925453 0.06931225955486298 -34.659942626953125 -0.13862454891204834 0.016726206988096237
0.01578456535935402 0.06931252777576447 -34.83526611328125 -0.1386251002550125 0.0077788010239601135
0.00838339701294899 0.06931314617395401 -34.23723220825195 -0.1386263072490692 0.00843295082449913
0.021792756393551826 0.06931348890066147 -34.744110107421875 -0.13862696290016174 0.006396353244781494
0.022768257185816765 0.06931369751691818 -34.771854400634766 -0.13862740993499756 0.007385000586509705
0.03294774517416954 0.06931384652853012 -35.164710998535156 -0.13862770795822144 0.005920915864408016
0.04195202887058258 0.0693138837814331 -34.63092803955078 -0.1386277824640274 0.005011268891394138
0.04193417355418205 0.06931399554014206 -35.043094635009766 -0.1386280059814453 0.0025938167236745358
0.010853447020053864 0.06931408494710922 -34.8882942199707 -0.13862816989421844 0.00541479978710413
0.057885393500328064 0.06931417435407639 -34.476749420166016 -0.13862834870815277 0.008759871125221252
0.017490368336439133 0.06931424140930176 -34.5810661315918 -0.13862848281860352 0.009205969050526619
0.03667815029621124 0.06931426376104355 -34.92206954956055 -0.1386285275220871 0.0024181650951504707
0.012090397998690605 0.06931432336568832 -35.13343811035156 -0.13862864673137665 0.00553749268874526
0.011315075680613518 0.0693143829703331 -35.235164642333984 -0.1386287659406662 0.004251576028764248
0.017553456127643585 0.06931443512439728 -35.10033416748047 -0.13862887024879456 0.0029716158751398325
0.05425702780485153 0.06931447982788086 -35.05393981933594 -0.13862895965576172 0.0024125566706061363
0.008985932916402817 0.06931449472904205 -35.27201843261719 -0.1386289894580841 0.003214016556739807
0.029286235570907593 0.06931452453136444 -35.17289352416992 -0.13862906396389008 0.006251438986510038
0.08025828003883362 0.06931456178426743 -35.036251068115234 -0.13862912356853485 0.0012510744854807854
0.012348874472081661 0.06931459158658981 -34.75769805908203 -0.13862918317317963 0.004008235409855843
0.026282940059900284 0.0693146213889122 -34.92027282714844 -0.1386292427778244 0.0037437700666487217
0.008606845512986183 0.0693146213889122 -34.91505432128906 -0.1386292427778244 0.005965540185570717
