0.6393420696258545 0.07642530649900436 -4.173616409301758 -0.15311536192893982 0.10379303991794586
0.16960006952285767 0.06941084563732147 -31.323007583618164 -0.14638841152191162 0.06188115477561951
0.1576027125120163 0.06932166963815689 -33.74424743652344 -0.1454627364873886 0.036528054624795914
0.07656268775463104 0.06931000202894211 -33.97666931152344 -0.14526484906673431 0.028809886425733566
0.05956285819411278 0.06930873543024063 -34.053062438964844 -0.1452551633119583 0.027692701667547226
0.05710916221141815 0.06930841505527496 -34.844295501708984 -0.14526744186878204 0.019492272287607193
0.0984448567032814 0.06930802017450333 -33.77384567260742 -0.14525286853313446 0.016573013737797737
0.07239367067813873 0.06931116431951523 -34.63516616821289 -0.14512942731380463 0.0110416105017066
0.12119120359420776 0.06931354105472565 -34.87538146972656 -0.14499227702617645 0.007755317725241184
0.041649214923381805 0.06931417435407639 -34.52827453613281 -0.14493821561336517 0.008175525814294815
0.01305530034005642 0.06931426376104355 -35.2026481628418 -0.14492802321910858 0.003991811536252499
0.028283849358558655 0.06931443512439728 -35.08079147338867 -0.1449051946401596 0.008349163457751274
0.011698367074131966 0.06931450217962265 -34.71696853637695 -0.14489376544952393 0.013984927907586098
0.03519657626748085 0.06931453943252563 -35.3060417175293 -0.14488594233989716 0.0050000473856925964
0.02867477387189865 0.06931457668542862 -34.912811279296875 -0.14488039910793304 0.013624930754303932
0.05078832805156708 0.06931457668542862 -34.585636138916016 -0.14487896859645844 0.008739817887544632
0.0595906525850296 0.06931459903717041 -34.86894989013672 -0.14487440884113312 0.011631105095148087
0.022205110639333725 0.0693146139383316 -35.015411376953125 -0.1448703408241272 0.007095932029187679
0.05435584485530853 0.0693146213889122 -35.034767150878906 -0.14486654102802277 0.003395362291485071
0.029892126098275185 0.0693146362900734 -35.116939544677734 -0.14486293494701385 0.0044358763843774796
0.02182852104306221 0.06931465119123459 -35.01939392089844 -0.14486193656921387 0.0035449997521936893
0.01330285333096981 0.06931465119123459 -35.10327911376953 -0.14485850930213928 0.0031925970688462257
0.012467542663216591 0.06931465864181519 -34.74481201171875 -0.14485517144203186 0.006950186565518379
0.03572721779346466 0.06931467354297638 -35.189815521240234 -0.144851952791214 0.002180324401706457
0.07294125109910965 0.06931468099355698 -35.15986633300781 -0.14484882354736328 0.007017281837761402
0.0050731562077999115 0.06931468099355698 -34.85612869262695 -0.14484797418117523 0.008308587595820427
0.043222587555646896 0.06931468099355698 -35.059783935546875 -0.14484499394893646 0.0040710498578846455
0.06910426169633865 0.06931469589471817 -33.938541412353516 -0.14484214782714844 0.006555323489010334
0.020415831357240677 0.06931469589471817 -35.08015060424805 -0.14483943581581116 0.002428195672109723
0.04999811574816704 0.06931471079587936 -34.820396423339844 -0.144836887717247 0.00475776381790638
0.0157039575278759 0.06931471079587936 -35.28081512451172 -0.1448361724615097 0.002310327719897032
0.06819423288106918 0.06931471079587936 -34.67607116699219 -0.1448337882757187 0.00437003280967474
0.015806103125214577 0.06931471079587936 -35.2442626953125 -0.144831582903862 0.0020518037490546703
0.007890868932008743 0.06931471079587936 -35.062923431396484 -0.14482955634593964 0.0037709297612309456
0.006700906902551651 0.06931471079587936 -34.94209289550781 -0.1448276787996292 0.002011149423196912
0.01256563514471054 0.06931471824645996 -35.07845687866211 -0.14482715725898743 0.001806012587621808
0.005679158493876457 0.06931471824645996 -34.99399185180664 -0.1448255032300949 0.004229509271681309
0.007774678990244865 0.06931471079587936 -35.208526611328125 -0.14482401311397552 0.0004935108008794487
0.010862426832318306 0.06931471824645996 -34.73664855957031 -0.14482267200946808 0.0051909079775214195
0.027840662747621536 0.06931471824645996 -35.009483337402344 -0.14482147991657257 0.003465111367404461
0.005552290007472038 0.06931471824645996 -34.923160552978516 -0.1448211520910263 0.006727548316121101
0.006810493767261505 0.06931471824645996 -35.31855010986328 -0.14482013881206512 0.0008795330650173128
