0.6396321654319763 0.07496977597475052 -5.843841075897217 -0.15488329529762268 0.09512227773666382
0.13581466674804688 0.06927898526191711 -33.53254699707031 -0.1461859941482544 0.03224474936723709
0.16635501384735107 0.06929031759500504 -34.32630920410156 -0.1456087827682495 0.025830868631601334
0.10052415728569031 0.0692906603217125 -33.95086669921875 -0.14562636613845825 0.01869977079331875
0.07670058310031891 0.06930377334356308 -34.934791564941406 -0.1453666388988495 0.010818909853696823
0.050187863409519196 0.06930733472108841 -34.73722839355469 -0.1452718824148178 0.011117206886410713
0.03548283874988556 0.06931208819150925 -34.82840347290039 -0.14508889615535736 0.021883290261030197
0.06110995262861252 0.06931322067975998 -34.63578414916992 -0.1450202763080597 0.014316216111183167
0.12547248601913452 0.06931368261575699 -34.81354904174805 -0.1449863165616989 0.010055365040898323
0.024505924433469772 0.06931395828723907 -36.210819244384766 -0.1449623554944992 0.015822850167751312
0.038474246859550476 0.06931401789188385 -36.59477233886719 -0.1449565887451172 0.010148643516004086
0.03723246976733208 0.06931418180465698 -36.055599212646484 -0.14493826031684875 0.017148423939943314
0.04144861921668053 0.06931432336568832 -35.61006164550781 -0.14492157101631165 0.01373409852385521
0.23292115330696106 0.06931443512439728 -35.77675247192383 -0.14490599930286407 0.026566259562969208
0.07500128448009491 0.06931451708078384 -35.86771774291992 -0.14489145576953888 0.01582813262939453
0.09530054032802582 0.06931453943252563 -35.337677001953125 -0.14488744735717773 0.014451741240918636
