0.021418122574687004 2.1564080715179443 2.1940479278564453
0.004490603227168322 0.3814271092414856 0.3806157112121582
0.003598262323066592 0.4112887680530548 0.4123104214668274
0.002764867851510644 0.3807588517665863 0.37782129645347595
0.0035936469212174416 0.2367771714925766 0.23701120913028717
0.0029056298080831766 0.20462100207805634 0.20725524425506592
0.0032056651543825865 0.28479617834091187 0.28714999556541443
0.002397963311523199 0.356647253036499 0.35344529151916504
0.0025280064437538385 0.21294686198234558 0.2138434797525406
0.0032912837341427803 0.23385711014270782 0.23366844654083252
0.00292196380905807 0.35817745327949524 0.36066579818725586
0.002767909085378051 0.3087555170059204 0.3097890615463257
0.002279978943988681 0.2089061290025711 0.2074158638715744
0.002737906528636813 0.2301531732082367 0.2283317595720291
0.002318801125511527 0.24288310110569 0.245482936501503
0.0027920647989958525 0.23226074874401093 0.23307962715625763
0.0017493244959041476 0.30343949794769287 0.3039429187774658
0.0019092750735580921 0.059406828135252 0.06223338469862938
0.0011226136703044176 0.3610045909881592 0.3596263527870178
0.002056674100458622 0.37219786643981934 0.38170111179351807
0.0018206038512289524 0.19184467196464539 0.1909552961587906
0.0015703643439337611 0.1994152069091797 0.20003876090049744
0.001737489947117865 0.20002946257591248 0.19952374696731567
0.0019663532730191946 0.29513195157051086 0.30320149660110474
0.001915093045681715 0.2554748058319092 0.2581566274166107
0.001414191909134388 0.16294622421264648 0.16585849225521088
0.001902855932712555 0.17267152667045593 0.17264261841773987
0.0017588812625035644 0.19748198986053467 0.20009082555770874
0.0014761657221242785 0.1524350643157959 0.15033526718616486
0.0018139625899493694 0.10750202089548111 0.10544722527265549
0.00212382641620934 0.1407661885023117 0.14027191698551178
0.0015491092344745994 0.34173792600631714 0.3413761258125305
0.0014446692075580359 0.1793580949306488 0.1772615909576416
0.0010061655193567276 0.12591110169887543 0.1270216852426529
0.0011901876423507929 0.25541993975639343 0.2549635171890259
0.0010682883439585567 0.07790905237197876 0.07727719843387604
0.00131218193564564 0.11036103218793869 0.1125897467136383
0.0016979845240712166 0.17378707230091095 0.17216268181800842
0.001118418644182384 0.24485649168491364 0.24537453055381775
0.0016159496735781431 0.1667640656232834 0.16553659737110138
0.0009549615788273513 0.07005321234464645 0.07039529085159302
0.0013799824519082904 0.17124079167842865 0.17337936162948608
0.0015029701171442866 0.10022027045488358 0.10085797309875488
0.0014113252982497215 0.15785476565361023 0.1536511927843094
0.0017224849434569478 0.13028226792812347 0.13376984000205994
0.0015992309199646115 0.1860925555229187 0.18631409108638763
0.0014287552330642939 0.11339294165372849 0.11127383261919022
0.0011027711443603039 0.10839599370956421 0.10741151124238968
0.0014644699404016137 0.14737844467163086 0.15647144615650177
0.0015264031244441867 0.09969614446163177 0.1007375717163086
0.0012197091709822416 0.07381091266870499 0.07027263939380646
0.0011842657113447785 0.10764765739440918 0.10895286500453949
0.0013925370294600725 0.041055887937545776 0.039108045399188995
0.0011380471987649798 0.06810146570205688 0.07060091942548752
0.000984765007160604 0.1872786283493042 0.19305524230003357
0.0013997412752360106 0.092887744307518 0.09243007749319077
0.0011621442390605807 0.08531305938959122 0.08481026440858841
0.0010277515975758433 0.110208660364151 0.10880625247955322
0.0010762587189674377 0.10221068561077118 0.10396487265825272
0.0010361162712797523 0.048527300357818604 0.045151062309741974
0.0013301727594807744 0.09849391877651215 0.10247304290533066
0.0009602275094948709 0.12937654554843903 0.1338208019733429
0.0010085402755066752 0.07233531028032303 0.07254253327846527
0.000872449716553092 0.1495121419429779 0.1534867286682129
0.0011822403175756335 0.06421162933111191 0.06272003054618835
0.0012090366799384356 0.07085773348808289 0.07098577916622162
0.0008754876325838268 0.0890243798494339 0.08846084773540497
0.001080601243302226 0.11888662725687027 0.11935530602931976
0.0014372984878718853 0.15121793746948242 0.15229442715644836
0.0010955727193504572 0.09961603581905365 0.09908401966094971
0.0012264316901564598 0.1432235985994339 0.1461591273546219
0.0005413128528743982 0.05421435087919235 0.051847077906131744
0.0006202736985869706 0.11694996803998947 0.11781793087720871
0.0006132805137895048 0.06695759296417236 0.06733261048793793
0.0009464889881201088 0.031617481261491776 0.03321482241153717
0.0008613174431957304 0.06572950631380081 0.06646627932786942
0.0007875430164858699 0.08405520021915436 0.08365873992443085
0.0008688838570378721 0.0435195118188858 0.04460906609892845
0.0005338656483218074 0.11964826285839081 0.11977440118789673
0.0010662017157301307 0.06190982833504677 0.06348204612731934
0.0004440289339981973 0.01976209692656994 0.019202815368771553
0.001140753854997456 0.06921736150979996 0.07125718146562576
0.0011653726687654853 0.03731212764978409 0.03679247573018074
0.0008921581320464611 0.05223919451236725 0.05102037265896797
0.0009844029555097222 0.07147393375635147 0.07038800418376923
0.0006447116029448807 0.06885181367397308 0.07155591249465942
0.0007554399780929089 0.05938466265797615 0.06368643790483475
0.0006094596465118229 0.05666472762823105 0.052549127489328384
0.0007866215310059488 0.050573986023664474 0.0517096072435379
0.0006151719717308879 0.05695822462439537 0.05659528076648712
0.0009264142718166113 0.10612732172012329 0.10593422502279282
0.001051920698955655 0.03067135252058506 0.030970817431807518
0.0008914340869523585 0.08990514278411865 0.09120595455169678
0.00102050113491714 0.046655744314193726 0.04527093842625618
0.0009055405971594155 0.07424721866846085 0.07563525438308716
0.0007906981627456844 0.05705524981021881 0.05753562971949577
0.0007901571807451546 0.037729036062955856 0.03880839794874191
0.0007953870226629078 0.041883762925863266 0.04328147694468498
0.0009321836987510324 0.04648064449429512 0.0466778427362442
0.0011213778052479029 0.0651867613196373 0.06534493714570999
0.000864488014485687 0.03682519122958183 0.036861713975667953
0.000635193195194006 0.01640925370156765 0.016185970976948738
0.0008563445881009102 0.036040470004081726 0.034698180854320526
0.0007720871944911778 0.0874393954873085 0.0874880775809288
0.0007394602871499956 0.020845601335167885 0.02082211896777153
0.0011118887923657894 0.010212302207946777 0.009961593896150589
0.0011175064137205482 0.04948052763938904 0.0464865043759346
0.0006458174320869148 0.132649764418602 0.13608260452747345
0.0008522967109456658 0.05621983855962753 0.05676380917429924
0.0005489267641678452 0.0722050741314888 0.06857944279909134
0.0008913534111343324 0.0721130222082138 0.07051005959510803
0.0011317466851323843 0.06216401979327202 0.05912260711193085
0.0007437973981723189 0.07417326420545578 0.07254994660615921
0.00040269855526275933 0.05730530992150307 0.05751846358180046
0.0005117839318700135 0.04631386697292328 0.0463249608874321
0.0008845242555253208 0.08835073560476303 0.08754502981901169
0.0007090331055223942 0.03898432478308678 0.03751091659069061
0.0007247244357131422 0.053264737129211426 0.05229086056351662
0.0008850612211972475 0.08027428388595581 0.07840185612440109
0.0007857549353502691 0.05589767545461655 0.05609757825732231
0.0011930047767236829 0.018862364813685417 0.019065413624048233
0.0006587699754163623 0.05101172998547554 0.04944533109664917
0.0007375214481726289 0.029031304642558098 0.030757497996091843
0.0008019597153179348 0.06231355667114258 0.06510166823863983
0.000642798375338316 0.015520721673965454 0.014554995112121105
0.0009753536432981491 0.055606409907341 0.05412428453564644
0.0005714194267056882 0.0310375913977623 0.034320078790187836
0.0006077490979805589 0.047484755516052246 0.0486171618103981
0.0004989556036889553 0.03076956979930401 0.03129267692565918
0.0009996042354032397 0.03171975165605545 0.030659500509500504
0.0005970554775558412 0.059240520000457764 0.059509214013814926
0.0008544112788513303 0.03494879975914955 0.035672564059495926
0.0009386760066263378 0.04301992431282997 0.044220540672540665
0.0008426214917562902 0.040277186781167984 0.03990207612514496
0.0007956202025525272 0.05319932475686073 0.05394446849822998
0.00038766046054661274 0.05918772891163826 0.05777791514992714
0.00046165971434675157 0.08372673392295837 0.08643590658903122
0.0013313564704731107 0.027287038043141365 0.02626512572169304
0.0008539185510016978 0.05423877015709877 0.05432407557964325
0.0008371712756343186 0.07942534983158112 0.07931487262248993
0.0006344770081341267 0.04325477406382561 0.04304811730980873
0.0006756721995770931 0.02170650102198124 0.022221971303224564
0.0006692259339615703 0.06991700083017349 0.06959285587072372
0.0007962410454638302 0.0334828644990921 0.03216812387108803
0.0010135127231478691 0.025884103029966354 0.027677441015839577
0.0010584001429378986 0.0113829942420125 0.011972510255873203
0.000912404793780297 0.046226199716329575 0.04421696811914444
0.0007389919483102858 0.0345841646194458 0.03600793331861496
0.0006762015982531011 0.04651433229446411 0.04699798673391342
0.00046674272743985057 0.015565861016511917 0.016084186732769012
0.0010008839890360832 0.016536422073841095 0.016198813915252686
0.000636022537946701 0.06479988247156143 0.06298007816076279
0.0005719184991903603 0.015398248098790646 0.01535073108971119
0.0006142398342490196 0.023930789902806282 0.02467735856771469
0.0008133040391840041 0.03220503032207489 0.03127788007259369
0.0006483481265604496 0.08499973267316818 0.08413998037576675
0.0006239935173653066 0.026999810710549355 0.027074070647358894
0.0006393209332600236 0.03226208686828613 0.031098533421754837
0.00041600983240641654 0.08544698357582092 0.08628948032855988
0.000932259950786829 0.05314122140407562 0.05498625338077545
0.001005756901577115 0.0346297062933445 0.0346306711435318
0.0005002423422411084 0.012149612419307232 0.012217629700899124
0.0007809044909663498 0.03901517391204834 0.03744763508439064
0.0011189162032678723 0.03389701992273331 0.03250560909509659
0.0007213004282675683 0.01656240224838257 0.01640547625720501
0.000879563856869936 0.022223202511668205 0.022309375926852226
0.0007772145327180624 0.037232086062431335 0.037100568413734436
0.0010178021620959044 0.030976345762610435 0.029081102460622787
0.0004949566791765392 0.02159595489501953 0.021320100873708725
0.0004431606794241816 0.028839636594057083 0.02843385376036167
0.0007828632951714098 0.06783583760261536 0.06794840097427368
0.0007555973716080189 0.04728075489401817 0.0445655956864357
0.0010606462601572275 0.04613814502954483 0.046327583491802216
0.0005346501711755991 0.03820601478219032 0.0377654992043972
0.0008190147927962244 0.012167640030384064 0.012632491998374462
0.0007463312358595431 0.023762883618474007 0.026053857058286667
0.000815053703263402 0.0343545600771904 0.03340286388993263
0.0006420267163775861 0.03560764715075493 0.0334102138876915
0.0004699088749475777 0.03498033434152603 0.035369209945201874
0.0009327353909611702 0.0474088191986084 0.045560840517282486
0.0009031550143845379 0.014054476283490658 0.01416468620300293
0.0004898758488707244 0.03910538926720619 0.0358322411775589
0.0006327895098365843 0.06513726711273193 0.06563926488161087
0.0007323505124077201 0.049395717680454254 0.05057482421398163
0.0010895601008087397 0.03180987387895584 0.03177930787205696
0.0005448199808597565 0.04289492964744568 0.04365340620279312
0.0006586083327420056 0.02659257873892784 0.0273636095225811
0.000897748046554625 0.024294188246130943 0.024333475157618523
0.000528798729646951 0.034637417644262314 0.03598717972636223
0.0006078236037865281 0.06354714184999466 0.06438589096069336
0.0004566438728943467 0.03977057710289955 0.04276745393872261
0.0007531865267083049 0.010862651281058788 0.01093160267919302
0.0005356499459594488 0.017828017473220825 0.017534099519252777
0.0005719393375329673 0.006823984906077385 0.00620352104306221
0.0007277218392118812 0.017356371507048607 0.018722213804721832
0.0006422121659852564 0.07205955684185028 0.07044374942779541
0.000956683186814189 0.040115322917699814 0.03943552076816559
0.000604937900789082 0.0153961768373847 0.014303798787295818
0.0007129748701117933 0.06658336520195007 0.061743367463350296
0.0009040403529070318 0.02018790692090988 0.01954934187233448
0.000767136225476861 0.026049746200442314 0.026287570595741272
0.0006256204796954989 0.05037309601902962 0.04957568645477295
0.0006201983778737485 0.015686994418501854 0.014920900575816631
0.0006758481031283736 0.028036998584866524 0.027547601610422134
0.0007359745795838535 0.02776184491813183 0.02792407013475895
0.0003582935023587197 0.012490634806454182 0.011834220960736275
0.0008399432990700006 0.03510921075940132 0.036814358085393906
0.0007700648275204003 0.04572474583983421 0.046001922339200974
0.000713436515070498 0.00559782050549984 0.005273644346743822
0.0005027514998801053 0.009381893090903759 0.009222887456417084
0.0009029331849887967 0.029767630621790886 0.02807961218059063
0.0009508809889666736 0.04945829510688782 0.05379265919327736
0.0008562378352507949 0.03127386048436165 0.02984887734055519
0.0005060999537818134 0.023778410628437996 0.02346891164779663
0.0005920046241953969 0.025745147839188576 0.025096293538808823
0.0004344453918747604 0.061110857874155045 0.056618832051754
0.0005746434908360243 0.06616485863924026 0.06611213088035583
0.0006348196184262633 0.03746868297457695 0.040152572095394135
0.000780253205448389 0.02042047493159771 0.020186688750982285
0.0010499260388314724 0.01887848787009716 0.018648119643330574
