0.6394879817962646 0.07345088571310043 1.947646141052246 -0.1407116949558258 0.06670958548784256
0.15806448459625244 0.06931435316801071 0.23418505489826202 -0.13862872123718262 0.0527818463742733
0.16294489800930023 0.0693146139383316 0.24408762156963348 -0.1386292278766632 0.03349859267473221
0.09649957716464996 0.06931468099355698 0.1401517242193222 -0.13862937688827515 0.04053808003664017
0.05752859264612198 0.06931471079587936 0.09441587328910828 -0.13862943649291992 0.025065463036298752
0.0455995611846447 0.06931471079587936 0.06033482402563095 -0.13862942159175873 0.025627201423048973
0.10032403469085693 0.06931471824645996 0.10108077526092529 -0.13862943649291992 0.027160916477441788
0.048351727426052094 0.06931471824645996 0.04253092408180237 -0.13862943649291992 0.03247574716806412
0.1524326503276825 0.06931471824645996 0.13050052523612976 -0.13862943649291992 0.02065645344555378
0.026786578819155693 0.06931471824645996 0.028191465884447098 -0.13862943649291992 0.018376072868704796
0.018313106149435043 0.06931471824645996 0.019867323338985443 -0.13862943649291992 0.019657019525766373
0.013674357905983925 0.06931471824645996 0.01384136825799942 -0.13862943649291992 0.013175069354474545
0.017043674364686012 0.06931471824645996 0.03181523457169533 -0.13862943649291992 0.012967951595783234
0.0322510190308094 0.06931471824645996 0.01274013239890337 -0.13862943649291992 0.013139968737959862
0.034443676471710205 0.06931471824645996 0.020032141357660294 -0.13862943649291992 0.010431736707687378
0.04183592274785042 0.06931471824645996 0.046106547117233276 -0.13862943649291992 0.016150470823049545
0.027277909219264984 0.06931471824645996 0.004858661442995071 -0.13862943649291992 0.02061529830098152
0.03583933413028717 0.06931471824645996 0.024277441203594208 -0.13862943649291992 0.0038983148988336325
0.03448372706770897 0.06931471824645996 0.035024210810661316 -0.13862943649291992 0.015729237347841263
0.012997960671782494 0.06931471824645996 -0.0052497126162052155 -0.13862943649291992 0.027516786009073257
0.030335893854498863 0.06931471824645996 0.026243682950735092 -0.13862943649291992 0.011119657196104527
0.01418096199631691 0.06931471824645996 0.03437986224889755 -0.13862943649291992 0.010722776874899864
0.016900479793548584 0.06931471824645996 0.006591384299099445 -0.13862943649291992 0.009472977370023727
0.01738361082971096 0.06931471824645996 0.033346571028232574 -0.13862943649291992 0.012686262838542461
0.06823824346065521 0.06931471824645996 0.04122285544872284 -0.13862943649291992 0.013162750750780106
0.02339085377752781 0.06931471824645996 0.0054967328906059265 -0.13862943649291992 0.0086506437510252
0.027016252279281616 0.06931471824645996 -0.0038719773292541504 -0.13862943649291992 0.0352051705121994
0.06250189989805222 0.06931471824645996 0.04029816389083862 -0.13862943649291992 0.009148896671831608
0.03237289562821388 0.06931471824645996 0.02727634645998478 -0.13862943649291992 0.010175928473472595
0.036350738257169724 0.06931471824645996 0.03861253708600998 -0.13862943649291992 0.002331874333322048
0.009694073349237442 0.06931471824645996 0.0049224067479372025 -0.13862943649291992 0.00990484282374382
0.031285371631383896 0.06931471824645996 0.03019743598997593 -0.13862943649291992 0.009721178561449051
0.034932710230350494 0.06931471824645996 0.012743525207042694 -0.13862943649291992 0.014144547283649445
0.01592104509472847 0.06931471824645996 0.003430970013141632 -0.13862943649291992 0.011594671756029129
0.02971154823899269 0.06931471824645996 0.007372136227786541 -0.13862943649291992 0.018996218219399452
0.01570015773177147 0.06931471824645996 0.04917240887880325 -0.13862943649291992 0.008869933895766735
0.007452387362718582 0.06931471824645996 0.00028751417994499207 -0.13862943649291992 0.012000747956335545
0.014131829142570496 0.06931471824645996 0.020290162414312363 -0.13862943649291992 0.005263092927634716
0.02125691995024681 0.06931471824645996 0.013184769079089165 -0.13862943649291992 0.003952797036617994
0.03144991397857666 0.06931471824645996 0.03964748978614807 -0.13862943649291992 0.0051519377157092094
0.013483518734574318 0.06931471824645996 0.013053546659648418 -0.13862943649291992 0.008263991214334965
0.007296580821275711 0.06931471824645996 0.0059946514666080475 -0.13862943649291992 0.005304328165948391
0.010095641016960144 0.06931471824645996 0.0030208220705389977 -0.13862943649291992 0.006924055516719818
0.06745187938213348 0.06931471824645996 0.07171177119016647 -0.13862943649291992 0.007805646397173405
0.03053421527147293 0.06931471824645996 0.010487302206456661 -0.13862943649291992 0.010326783172786236
0.009985517710447311 0.06931471824645996 0.009706391952931881 -0.13862943649291992 0.0045322091318666935
0.008072834461927414 0.06931471824645996 -0.0036487895995378494 -0.13862943649291992 0.017975401133298874
0.00969051942229271 0.06931471824645996 0.005151340737938881 -0.13862943649291992 0.007381164003163576
0.026849115267395973 0.06931471824645996 0.005627790465950966 -0.13862943649291992 0.0070653012953698635
0.02005927450954914 0.06931471824645996 0.011059010401368141 -0.13862943649291992 0.011717417277395725
0.055594317615032196 0.06931471824645996 0.04446050524711609 -0.13862943649291992 0.007755356840789318
0.00951717421412468 0.06931471824645996 0.010746939107775688 -0.13862943649291992 0.004563724622130394
0.007189858704805374 0.06931471824645996 0.0009964881464838982 -0.13862943649291992 0.007465247064828873
0.014415066689252853 0.06931471824645996 0.007718964479863644 -0.13862943649291992 0.007132670842111111
0.007065758109092712 0.06931471824645996 0.004886576905846596 -0.13862943649291992 0.005473033525049686
0.012027544900774956 0.06931471824645996 0.020214272662997246 -0.13862943649291992 0.0031139603815972805
0.005050983279943466 0.06931471824645996 -0.0157741941511631 -0.13862943649291992 0.024252351373434067
0.014974936842918396 0.06931471824645996 0.01964324712753296 -0.13862943649291992 0.006475621368736029
0.011401304975152016 0.06931471824645996 0.00013292022049427032 -0.13862943649291992 0.00934379268437624
0.011533014476299286 0.06931471824645996 0.004065742716193199 -0.13862943649291992 0.01232890784740448
0.007802262902259827 0.06931471824645996 -0.0037841778248548508 -0.13862943649291992 0.015959013253450394
0.007320597767829895 0.06931471824645996 0.010920720174908638 -0.13862943649291992 0.0025943960063159466
0.04211527854204178 0.06931471824645996 0.017673304304480553 -0.13862943649291992 0.0041528972797095776
0.03875891491770744 0.06931471824645996 0.03408431261777878 -0.13862943649291992 0.004199320916086435
0.016535870730876923 0.06931471824645996 0.005235346034169197 -0.13862943649291992 0.004967954941093922
0.010976962745189667 0.06931471824645996 0.010563293471932411 -0.13862943649291992 0.0046094427816569805
0.006827697157859802 0.06931471824645996 0.01223281305283308 -0.13862943649291992 0.0024942168965935707
0.015705255791544914 0.06931471824645996 0.022942136973142624 -0.13862943649291992 0.0035872249864041805
0.005176261067390442 0.06931471824645996 0.0067019956186413765 -0.13862943649291992 0.0028482298366725445
0.012186167761683464 0.06931471824645996 0.006180832628160715 -0.13862943649291992 0.002355169504880905
0.009690240025520325 0.06931471824645996 0.012096555903553963 -0.13862943649291992 0.00547842588275671
0.005360864102840424 0.06931471824645996 0.0025296108797192574 -0.13862943649291992 0.005508436355739832
0.016757473349571228 0.06931471824645996 0.0065159983932971954 -0.13862943649291992 0.005693051032721996
0.0061994269490242004 0.06931471824645996 0.0040879701264202595 -0.13862943649291992 0.004537203814834356
0.00793411023914814 0.06931471824645996 0.007481851149350405 -0.13862943649291992 0.004741434473544359
0.006796952337026596 0.06931471824645996 0.014992554672062397 -0.13862943649291992 0.002759387018159032
0.008967693895101547 0.06931471824645996 0.009602105244994164 -0.13862943649291992 0.002705065067857504
0.02571413479745388 0.06931471824645996 0.011210220865905285 -0.13862943649291992 0.00189038529060781
0.02989824488759041 0.06931471824645996 0.03610330447554588 -0.13862943649291992 0.0023128227330744267
0.005416862666606903 0.06931471824645996 0.011639153584837914 -0.13862943649291992 0.004897559992969036
0.007780995219945908 0.06931471824645996 -0.005897928029298782 -0.13862943649291992 0.011542161926627159
0.0157118272036314 0.06931471824645996 0.01475403644144535 -0.13862943649291992 0.0029396237805485725
0.0072225481271743774 0.06931471824645996 0.007541409227997065 -0.13862943649291992 0.003241914324462414
0.00708712637424469 0.06931471824645996 0.007259716745465994 -0.13862943649291992 0.002492542378604412
0.006445329636335373 0.06931471824645996 0.00935784075409174 -0.13862943649291992 0.0016794106923043728
0.00699329748749733 0.06931471824645996 0.0054118214175105095 -0.13862943649291992 0.0038493501488119364
0.010819762945175171 0.06931471824645996 0.001100117340683937 -0.13862943649291992 0.011872580274939537
0.01407022774219513 0.06931471824645996 0.02655756287276745 -0.13862943649291992 0.001623355783522129
0.01789626106619835 0.06931471824645996 0.015400724485516548 -0.13862943649291992 0.006319969892501831
0.014832817018032074 0.06931471824645996 0.007979046553373337 -0.13862943649291992 0.003872469998896122
0.05584542453289032 0.06931471824645996 0.035752613097429276 -0.13862943649291992 0.0035338611342012882
0.011617494747042656 0.06931471824645996 0.009934216737747192 -0.13862943649291992 0.004573206417262554
0.022119596600532532 0.06931471824645996 0.023230230435729027 -0.13862943649291992 0.00683833472430706
0.012752911075949669 0.06931471824645996 0.011219372972846031 -0.13862943649291992 0.0028306893073022366
0.009318385273218155 0.06931471824645996 0.011388134211301804 -0.13862943649291992 0.0037154408637434244
0.011085398495197296 0.06931471824645996 0.008473129011690617 -0.13862943649291992 0.00606309249997139
0.00973249040544033 0.06931471824645996 0.015273749828338623 -0.13862943649291992 0.0035617307294160128
0.02175580896437168 0.06931471824645996 0.026562949642539024 -0.13862943649291992 0.004458826035261154
0.010992433875799179 0.06931471824645996 0.013534324243664742 -0.13862943649291992 0.00265691289678216
0.032372377812862396 0.06931471824645996 0.01900588534772396 -0.13862943649291992 0.0025656879879534245
0.03787749260663986 0.06931471824645996 0.058991558849811554 -0.13862943649291992 0.004266622941941023
0.011135049164295197 0.06931471824645996 0.01314559020102024 -0.13862943649291992 0.0036755213513970375
0.011165866628289223 0.06931471824645996 0.016644908115267754 -0.13862943649291992 0.00658408273011446
0.018192585557699203 0.06931471824645996 0.01191699504852295 -0.13862943649291992 0.003270891960710287
0.030966946855187416 0.06931471824645996 0.03329051285982132 -0.13862943649291992 0.0021685322280973196
0.02999059483408928 0.06931471824645996 0.02247699908912182 -0.13862943649291992 0.005796994082629681
0.023902183398604393 0.06931471824645996 0.017823848873376846 -0.13862943649291992 0.0023618685081601143
0.017514998093247414 0.06931471824645996 0.013041075319051743 -0.13862943649291992 0.0021584169007837772
0.011135667562484741 0.06931471824645996 0.01630525290966034 -0.13862943649291992 0.002416113391518593
0.011002844199538231 0.06931471824645996 0.009036202915012836 -0.13862943649291992 0.0017254459671676159
0.020646866410970688 0.06931471824645996 0.013777364045381546 -0.13862943649291992 0.0062999427318573
0.014889189973473549 0.06931471824645996 0.01186785101890564 -0.13862943649291992 0.0064155180007219315
0.02004976198077202 0.06931471824645996 0.014539631083607674 -0.13862943649291992 0.008343132212758064
0.041565731167793274 0.06931471824645996 0.014931111596524715 -0.13862943649291992 0.007221951149404049
0.027944765985012054 0.06931471824645996 0.02275392785668373 -0.13862943649291992 0.003475479781627655
0.006392873823642731 0.06931471824645996 0.006089487578719854 -0.13862943649291992 0.0043131462298333645
0.010229531675577164 0.06931471824645996 0.016384411603212357 -0.13862943649291992 0.0038024992682039738
0.00859973207116127 0.06931471824645996 0.009308838285505772 -0.13862943649291992 0.004313196521252394
0.013163579627871513 0.06931471824645996 0.014676348306238651 -0.13862943649291992 0.003087955992668867
0.011927902698516846 0.06931471824645996 0.017810940742492676 -0.13862943649291992 0.0037372454535216093
0.029984649270772934 0.06931471824645996 0.02627638541162014 -0.13862943649291992 0.00444683525711298
0.006813202053308487 0.06931471824645996 0.003632266540080309 -0.13862943649291992 0.004387478809803724
0.031738221645355225 0.06931471824645996 0.02387618087232113 -0.13862943649291992 0.006297122221440077
0.00973784364759922 0.06931471824645996 0.0093764066696167 -0.13862943649291992 0.002346256747841835
0.007382668554782867 0.06931471824645996 0.0038137510418891907 -0.13862943649291992 0.008158323355019093
0.017438894137740135 0.06931471824645996 0.02452971041202545 -0.13862943649291992 0.0046539404429495335
0.00772908516228199 0.06931471824645996 0.013141968287527561 -0.13862943649291992 0.005252901464700699
0.012873612344264984 0.06931471824645996 0.012869360856711864 -0.13862943649291992 0.0035076115746051073
0.0075083523988723755 0.06931471824645996 0.009861602447926998 -0.13862943649291992 0.0033024249132722616
0.01812014728784561 0.06931471824645996 0.009157095104455948 -0.13862943649291992 0.007028130814433098
0.00813901424407959 0.06931471824645996 0.012319793924689293 -0.13862943649291992 0.00326375849545002
0.010967046022415161 0.06931471824645996 0.014454973861575127 -0.13862943649291992 0.00319522712379694
0.010999556630849838 0.06931471824645996 0.010429924353957176 -0.13862943649291992 0.0021722735837101936
0.04795064777135849 0.06931471824645996 0.046091943979263306 -0.13862943649291992 0.003191106952726841
0.008804123848676682 0.06931471824645996 0.0107571454718709 -0.13862943649291992 0.002883803565055132
0.007932160049676895 0.06931471824645996 0.004998482763767242 -0.13862943649291992 0.0029584751464426517
0.02663685753941536 0.06931471824645996 0.010924521833658218 -0.13862943649291992 0.007208389230072498
0.013053510338068008 0.06931471824645996 0.019211502745747566 -0.13862943649291992 0.0033740561921149492
0.04341580346226692 0.06931471824645996 0.029380768537521362 -0.13862943649291992 0.005149341654032469
0.011025767773389816 0.06931471824645996 0.009195051155984402 -0.13862943649291992 0.0021887696348130703
0.005691561847925186 0.06931471824645996 0.005735576152801514 -0.13862943649291992 0.0059605371206998825
0.008408445864915848 0.06931471824645996 0.015275251120328903 -0.13862943649291992 0.0034761817660182714
0.02071654051542282 0.06931471824645996 0.014575271867215633 -0.13862943649291992 0.0033057499676942825
0.006296522915363312 0.06931471824645996 0.008472003042697906 -0.13862943649291992 0.0032962867990136147
0.016543524339795113 0.06931471824645996 0.01566985622048378 -0.13862943649291992 0.004697408992797136
0.008614297956228256 0.06931471824645996 0.011394446715712547 -0.13862943649291992 0.0029630553908646107
0.00930330902338028 0.06931471824645996 0.008558306843042374 -0.13862943649291992 0.0031594380270689726
0.007376279681921005 0.06931471824645996 0.011666156351566315 -0.13862943649291992 0.005674086511135101
0.011639490723609924 0.06931471824645996 0.01491683628410101 -0.13862943649291992 0.00161469797603786
0.008204061537981033 0.06931471824645996 0.008746767416596413 -0.13862943649291992 0.0030090089421719313
0.05338010936975479 0.06931471824645996 0.02474212646484375 -0.13862943649291992 0.002154828514903784
0.021930277347564697 0.06931471824645996 0.014399589039385319 -0.13862943649291992 0.0063975099474191666
0.006147842854261398 0.06931471824645996 0.00991668738424778 -0.13862943649291992 0.004243091680109501
0.007228776812553406 0.06931471824645996 0.008183065801858902 -0.13862943649291992 0.002080868696793914
0.029943250119686127 0.06931471824645996 0.021032340824604034 -0.13862943649291992 0.002965460531413555
0.02664113976061344 0.06931471824645996 0.0017803655937314034 -0.13862943649291992 0.007429273799061775
0.03133680671453476 0.06931471824645996 0.018423475325107574 -0.13862943649291992 0.0039192428812384605
0.007206074893474579 0.06931471824645996 0.01451378408819437 -0.13862943649291992 0.005205235909670591
0.01350349374115467 0.06931471824645996 0.014836307615041733 -0.13862943649291992 0.0028060441836714745
0.010914655402302742 0.06931471824645996 0.012579594738781452 -0.13862943649291992 0.001539376680739224
0.009166419506072998 0.06931471824645996 0.012232602573931217 -0.13862943649291992 0.0026126177981495857
0.03307032212615013 0.06931471824645996 0.03018460050225258 -0.13862943649291992 0.0034699495881795883
0.007601305842399597 0.06931471824645996 0.003550691995769739 -0.13862943649291992 0.0026327092200517654
0.03457110375165939 0.06931471824645996 0.020748451352119446 -0.13862943649291992 0.004812147933989763
0.01184522919356823 0.06931471824645996 0.01620984636247158 -0.13862943649291992 0.0027075065299868584
0.011868856847286224 0.06931471824645996 0.0164271742105484 -0.13862943649291992 0.004860837943851948
0.015183787792921066 0.06931471824645996 0.02146957628428936 -0.13862943649291992 0.001600079471245408
0.014362132176756859 0.06931471824645996 0.0071901739574968815 -0.13862943649291992 0.00554290134459734
0.03157589212059975 0.06931471824645996 0.016437970101833344 -0.13862943649291992 0.002204373013228178
0.011721322312951088 0.06931471824645996 0.010549685917794704 -0.13862943649291992 0.002613758435472846
0.014854498207569122 0.06931471824645996 0.036711160093545914 -0.13862943649291992 0.001439051004126668
0.03356918320059776 0.06931471824645996 0.015754334628582 -0.13862943649291992 0.005938912741839886
0.004678200930356979 0.06931471824645996 0.010515255853533745 -0.13862943649291992 0.0015062146121636033
0.006026864051818848 0.06931471824645996 0.013393150642514229 -0.13862943649291992 0.0024159816093742847
0.011911891400814056 0.06931471824645996 0.014582420699298382 -0.13862943649291992 0.004040324594825506
0.00932219997048378 0.06931471824645996 0.007489796727895737 -0.13862943649291992 0.006663890555500984
0.01636696606874466 0.06931471824645996 0.013215548358857632 -0.13862943649291992 0.002296608407050371
0.010604482144117355 0.06931471824645996 0.007902092300355434 -0.13862943649291992 0.004081427119672298
0.01811707392334938 0.06931471824645996 0.00851929560303688 -0.13862943649291992 0.002020756946876645
0.010536916553974152 0.06931471824645996 0.02718411572277546 -0.13862943649291992 0.002095945179462433
0.017867684364318848 0.06931471824645996 0.018527882173657417 -0.13862943649291992 0.003752565709874034
0.009143443778157234 0.06931471824645996 0.008730456233024597 -0.13862943649291992 0.0023218775168061256
0.07400450110435486 0.06931471824645996 0.048842720687389374 -0.13862943649291992 0.004861867520958185
0.006318412721157074 0.06931471824645996 0.0051755825988948345 -0.13862943649291992 0.0015009818598628044
0.014854829758405685 0.06931471824645996 0.018699783831834793 -0.13862943649291992 0.0045464131981134415
0.008104145526885986 0.06931471824645996 0.004040891770273447 -0.13862943649291992 0.00604140805080533
0.00897078588604927 0.06931471824645996 0.009815809316933155 -0.13862943649291992 0.0022638351656496525
0.027869204059243202 0.06931471824645996 0.018255263566970825 -0.13862943649291992 0.0026391702704131603
0.01028764434158802 0.06931471824645996 0.004887555260211229 -0.13862943649291992 0.006606095936149359
