0.6396130323410034 0.07333751022815704 5.327503681182861 -0.15741094946861267 0.2430722564458847
0.36552155017852783 0.0005249714595265687 1.3373165130615234 -0.0009129982790909708 0.03961782157421112
0.31502383947372437 0.0001530196750536561 1.01481032371521 -0.00030052129295654595 0.022148914635181427
0.1770108938217163 0.00029397293110378087 0.6324948668479919 -0.0005653989501297474 0.014121325686573982
0.17288614809513092 0.00023983337450772524 0.6678383350372314 -0.0005046548321843147 0.018852461129426956
0.1511872559785843 0.00026158359833061695 0.4904766380786896 -0.00046953564742580056 0.012475221417844296
0.1298401653766632 0.0004180960822850466 0.30863362550735474 -0.0007090808940120041 0.013084672391414642
0.11396259814500809 0.0003264576371293515 0.3365957736968994 -0.0006217072368599474 0.009283771738409996
0.17367248237133026 0.00041846735985018313 0.5529548525810242 -0.0007534492760896683 0.006792288739234209
0.0695827454328537 0.0005992345395497978 0.2762434184551239 -0.001230222056619823 0.006992155220359564
0.07291004061698914 0.0007037310278974473 0.19707034528255463 -0.001173576689325273 0.00352099328301847
0.055258896201848984 0.0006700665690004826 0.17803095281124115 -0.0010642454726621509 0.006259895861148834
0.05488850176334381 0.0008651325479149818 0.1299629807472229 -0.0015747769502922893 0.0035855283495038748
0.09722336381673813 0.0026771894190460443 0.2823352813720703 -0.005431757308542728 0.0031093917787075043
0.048351649194955826 0.062096964567899704 0.16777876019477844 -0.1250150054693222 0.002546716947108507
0.07149161398410797 0.06695564836263657 0.20522771775722504 -0.13399766385555267 0.002497456269338727
0.10096585750579834 0.06928055733442307 0.2330636829137802 -0.13856299221515656 0.002460154704749584
0.08901380747556686 0.06930340081453323 0.2401532381772995 -0.13860593736171722 0.00425280537456274
0.06090175732970238 0.06930600851774216 0.14789803326129913 -0.13861189782619476 0.004467328544706106
0.0756455659866333 0.06930465996265411 0.13420450687408447 -0.13860955834388733 0.0041522011160850525
0.04886822775006294 0.06930579990148544 0.1330501139163971 -0.13861145079135895 0.004014868289232254
0.019735239446163177 0.06930751353502274 0.052410680800676346 -0.13861504197120667 0.006059921346604824
0.05187072977423668 0.0693088099360466 0.2059837281703949 -0.138617604970932 0.006454479414969683
0.04703401029109955 0.06931000202894211 0.08035333454608917 -0.1386200338602066 0.002564488910138607
0.10877521336078644 0.06931096315383911 0.2731584310531616 -0.13862192630767822 0.004263164475560188
0.027981886640191078 0.06931122392416 0.041569121181964874 -0.13862244784832 0.0033825961872935295
0.05832662805914879 0.06931199878454208 0.20896531641483307 -0.13862402737140656 0.005954350810497999
0.0774582251906395 0.06931262463331223 0.2097875475883484 -0.13862526416778564 0.008486367762088776
0.05358157679438591 0.06931312382221222 0.1441718190908432 -0.13862626254558563 0.0024841914419084787
0.023602450266480446 0.06931352615356445 0.07291529327630997 -0.1386270523071289 0.007575180381536484
0.02022380381822586 0.06931362301111221 0.02523370087146759 -0.13862724602222443 0.013026228174567223
0.09743817150592804 0.0693139061331749 0.3254398703575134 -0.13862784206867218 0.012189622037112713
0.0456111803650856 0.0693141371011734 0.06706544011831284 -0.1386282742023468 0.010279295966029167
0.016144590452313423 0.06931430101394653 0.037844233214855194 -0.13862860202789307 0.00318933860398829
0.08517266809940338 0.06931443512439728 0.21137480437755585 -0.13862887024879456 0.005587803199887276
0.029743656516075134 0.06931445747613907 0.057661984115839005 -0.13862891495227814 0.015420783311128616
0.02583782747387886 0.06931454688310623 0.09164533764123917 -0.13862907886505127 0.010543018579483032
0.024251054972410202 0.06931459903717041 0.0522366538643837 -0.13862921297550201 0.0018018115079030395
0.0476377010345459 0.06931465119123459 0.14785879850387573 -0.13862930238246918 0.0066792406141757965
0.03761972486972809 0.06931467354297638 0.0632345974445343 -0.13862934708595276 0.006659811362624168
0.02017275243997574 0.06931468099355698 0.03868776932358742 -0.13862936198711395 0.0018085427582263947
0.015995068475604057 0.06931468844413757 0.04753459617495537 -0.13862937688827515 0.005635914392769337
0.014674855396151543 0.06931471079587936 0.025923890992999077 -0.13862942159175873 0.0025590346194803715
0.03213983029127121 0.06931471079587936 0.08081895112991333 -0.13862942159175873 0.0012354503851383924
0.016540581360459328 0.06931471079587936 0.05594059079885483 -0.13862942159175873 0.0015570120885968208
0.017001347616314888 0.06931471079587936 0.03893261030316353 -0.13862943649291992 0.0016134949401021004
0.015294663608074188 0.06931471079587936 0.03456558659672737 -0.13862942159175873 0.005246908403933048
0.02335163950920105 0.06931471824645996 0.03220663592219353 -0.13862942159175873 0.0012166723608970642
0.06799246370792389 0.06931471824645996 0.07955064624547958 -0.13862943649291992 0.002652659546583891
0.0194361824542284 0.06931471824645996 0.04179978370666504 -0.13862943649291992 0.0024449042975902557
0.018785567954182625 0.06931471824645996 0.0692722275853157 -0.13862943649291992 0.0019697989337146282
0.01103081926703453 0.06931471824645996 0.026619108393788338 -0.13862943649291992 0.002715347334742546
0.015504986047744751 0.06931471824645996 0.04281342029571533 -0.13862943649291992 0.0024045780301094055
0.015800494700670242 0.06931471824645996 0.021727142855525017 -0.13862943649291992 0.0013201561523601413
0.010401487350463867 0.06931471824645996 0.03873543068766594 -0.13862943649291992 0.0020406378898769617
0.056953758001327515 0.06931471824645996 0.14970864355564117 -0.13862943649291992 0.0006461553275585175
0.033015139400959015 0.06931471824645996 0.07950309664011002 -0.13862943649291992 0.004034577403217554
0.01903010904788971 0.06931471824645996 0.031046053394675255 -0.13862943649291992 0.004679531324654818
0.018798794597387314 0.06931471824645996 0.032833363860845566 -0.13862943649291992 0.0034647996071726084
0.008528262376785278 0.06931471824645996 0.021040957421064377 -0.13862943649291992 0.0024555514100939035
0.013239029794931412 0.06931471824645996 0.05951289087533951 -0.13862943649291992 0.0020879809744656086
0.018677935004234314 0.06931471824645996 0.0374210886657238 -0.13862943649291992 0.0027487422339618206
0.0479755774140358 0.06931471824645996 0.1035723015666008 -0.13862943649291992 0.002690745983272791
0.04828610643744469 0.06931471824645996 0.06415360420942307 -0.13862943649291992 0.005353319458663464
0.026849213987588882 0.06931471824645996 0.09229974448680878 -0.13862943649291992 0.0017813632730394602
0.016361095011234283 0.06931471824645996 0.016727909445762634 -0.13862943649291992 0.0031217096839100122
0.01127053052186966 0.06931471824645996 0.029906585812568665 -0.13862943649291992 0.001643762574531138
0.036686480045318604 0.06931471824645996 0.08439388871192932 -0.13862943649291992 0.0014131433563306928
0.009671911597251892 0.06931471824645996 0.023367993533611298 -0.13862943649291992 0.0021988973021507263
0.023480577394366264 0.06931471824645996 0.039676733314991 -0.13862943649291992 0.0014464282430708408
0.013714917004108429 0.06931471824645996 0.01889188215136528 -0.13862943649291992 0.0030911280773580074
0.01571759767830372 0.06931471824645996 0.025543930009007454 -0.13862943649291992 0.005403002258390188
0.016880707815289497 0.06931471824645996 0.028108347207307816 -0.13862943649291992 0.0045600468292832375
0.009320646524429321 0.06931471824645996 0.01381372008472681 -0.13862943649291992 0.004169123712927103
0.007987003773450851 0.06931471824645996 0.019612759351730347 -0.13862943649291992 0.001634221407584846
0.011546839028596878 0.06931471824645996 0.028947830200195312 -0.13862943649291992 0.0056280652061104774
0.01727629452943802 0.06931471824645996 0.029914118349552155 -0.13862943649291992 0.00706784101203084
0.01785789057612419 0.06931471824645996 0.03708586096763611 -0.13862943649291992 0.0071722231805324554
0.016759388148784637 0.06931471824645996 0.034713540226221085 -0.13862943649291992 0.0040548695251345634
0.007282540202140808 0.06931471824645996 0.009455502964556217 -0.13862943649291992 0.005075731314718723
0.008965063840150833 0.06931471824645996 0.008797647431492805 -0.13862943649291992 0.006269657053053379
0.045314691960811615 0.06931471824645996 0.0882105752825737 -0.13862943649291992 0.00867218803614378
0.031474679708480835 0.06931471824645996 0.04184959456324577 -0.13862943649291992 0.007840650156140327
0.01004839688539505 0.06931471824645996 0.0477299727499485 -0.13862943649291992 0.002476724795997143
0.011894352734088898 0.06931471824645996 0.03118954412639141 -0.13862943649291992 0.0035270885564386845
0.009178590029478073 0.06931471824645996 0.013862315565347672 -0.13862943649291992 0.0011746782111003995
0.013697430491447449 0.06931471824645996 0.03221921622753143 -0.13862943649291992 0.0022775959223508835
0.01834680512547493 0.06931471824645996 0.030806463211774826 -0.13862943649291992 0.009603436104953289
0.032709065824747086 0.06931471824645996 0.08765633404254913 -0.13862943649291992 0.005982077680528164
0.009223300963640213 0.06931471824645996 0.021779529750347137 -0.13862943649291992 0.00232873996719718
0.0227946899831295 0.06931471824645996 0.04830538481473923 -0.13862943649291992 0.0016332239611074328
