0.6394515037536621 0.07256124168634415 -4.780778408050537 -0.15108174085617065 0.09338937699794769
0.12412331998348236 0.0694478452205658 -32.9490966796875 -0.13911327719688416 0.04572093486785889
0.13421635329723358 0.06935059279203415 -33.85348129272461 -0.13870398700237274 0.020900435745716095
0.1482751965522766 0.0693194717168808 -33.89286804199219 -0.1386415809392929 0.02600901387631893
0.11584475636482239 0.06931555271148682 -34.58379364013672 -0.13863158226013184 0.015628717839717865
0.044091008603572845 0.06931518763303757 -34.11619567871094 -0.13862846791744232 0.01280908938497305
0.06061425805091858 0.06931398063898087 -34.6583137512207 -0.13862773776054382 0.01304047740995884
0.05577700585126877 0.06931387633085251 -34.764400482177734 -0.13862812519073486 0.018344465643167496
0.11604197323322296 0.0693141520023346 -34.05470275878906 -0.138628289103508 0.012710418552160263
0.021822242066264153 0.06931432336568832 -34.770599365234375 -0.13862864673137665 0.00427533034235239
0.014605503529310226 0.06931435316801071 -34.940696716308594 -0.13862870633602142 0.010263685137033463
0.01776072010397911 0.06931443512439728 -34.99628448486328 -0.13862887024879456 0.0074606058187782764
0.031004827469587326 0.06931447982788086 -35.0525016784668 -0.13862895965576172 0.00802440196275711
0.06596291065216064 0.06931450217962265 -34.95500183105469 -0.1386290043592453 0.01289411075413227
0.013819185085594654 0.06931453198194504 -35.04066848754883 -0.13862906396389008 0.003058635164052248
0.05721873790025711 0.06931453198194504 -35.326202392578125 -0.13862906396389008 0.005435211583971977
0.01352650299668312 0.06931455433368683 -34.59150695800781 -0.13862910866737366 0.008699994534254074
0.019582737237215042 0.06931457668542862 -35.098175048828125 -0.13862915337085724 0.004793797619640827
0.07108543813228607 0.06931459158658981 -34.85997772216797 -0.13862918317317963 0.003842519363388419
0.032623015344142914 0.06931460648775101 -35.02488327026367 -0.13862919807434082 0.004241433460265398
0.049256581813097 0.0693146139383316 -35.14340591430664 -0.1386292278766632 0.005017473828047514
0.010116323828697205 0.0693146213889122 -35.228485107421875 -0.1386292427778244 0.004468385595828295
0.008616152219474316 0.0693146288394928 -35.21052932739258 -0.1386292576789856 0.005215303041040897
0.0261344276368618 0.06931464374065399 -35.258304595947266 -0.13862928748130798 0.0017050814349204302
0.08993598818778992 0.06931465864181519 -34.87386703491211 -0.13862931728363037 0.007151342928409576
0.011898055672645569 0.06931465119123459 -34.62629699707031 -0.13862931728363037 0.003729197196662426
