0.6394739151000977 0.06858845055103302 -10.011910438537598 -0.15316252410411835 0.07457447052001953
0.1545090675354004 0.06930866092443466 -33.578826904296875 -0.14520899951457977 0.037857022136449814
0.1733018457889557 0.06930805742740631 -34.485633850097656 -0.14525344967842102 0.01658587157726288
0.08432282507419586 0.06931300461292267 -34.450439453125 -0.14503434300422668 0.03222160413861275
0.05999111384153366 0.06931382417678833 -34.996822357177734 -0.14497387409210205 0.012372763827443123
0.04062442481517792 0.06931396573781967 -34.76069259643555 -0.14496150612831116 0.014560926705598831
0.12044557183980942 0.06931430101394653 -34.804141998291016 -0.14492370188236237 0.015848174691200256
0.057361628860235214 0.06931451708078384 -34.598785400390625 -0.14489062130451202 0.01571371778845787
0.093671053647995 0.06931464374065399 -34.33879089355469 -0.14486324787139893 0.01731247454881668
0.05340875685214996 0.06931468844413757 -35.15308380126953 -0.1448427140712738 0.014505289494991302
