0.6394739747047424 0.07630359381437302 5.326766014099121 -0.15310536324977875 0.24133725464344025
0.33365681767463684 0.06906910240650177 1.2313051223754883 -0.1382228285074234 0.02063658833503723
0.25470998883247375 0.06664742529392242 0.7947013974189758 -0.13302193582057953 0.01126187201589346
0.14618061482906342 0.014354894869029522 0.43276506662368774 -0.02937747910618782 0.00576412957161665
0.1372128129005432 0.003534258110448718 0.5184325575828552 -0.007141119334846735 0.003922450356185436
0.1193288266658783 0.002384393708780408 0.27566173672676086 -0.0047635543160140514 0.0027624887879937887
0.08778637647628784 0.0005877926014363766 0.23943890631198883 -0.0012189255794510245 0.0023409416899085045
0.10295885056257248 0.0005985774914734066 0.24450400471687317 -0.0011987341567873955 0.0019205778371542692
0.15634073317050934 0.00048204101040028036 0.34226056933403015 -0.0009561233455315232 0.0022463586647063494
0.07829548418521881 0.00047224294394254684 0.19852161407470703 -0.0009161128546111286 0.002811829559504986
0.030652940273284912 0.0004722709709312767 0.06591611355543137 -0.0010131166782230139 0.002024258254095912
0.0857434868812561 0.0004287227930035442 0.16754792630672455 -0.0009247683337889612 0.0013240939006209373
0.027102919295430183 0.0010807024082168937 0.0444335862994194 -0.0019286873284727335 0.0011294072028249502
0.07150409370660782 0.0008759076008573174 0.21403935551643372 -0.0016494368901476264 0.0006118653109297156
0.0528365895152092 0.0015103587647899985 0.14890000224113464 -0.0028666434809565544 0.0033942030277103186
0.07413110882043839 0.00145065039396286 0.15474575757980347 -0.003205770393833518 0.0004292054218240082
0.06902492791414261 0.0019708748441189528 0.1802278608083725 -0.004124793224036694 0.0009036628762260079
0.030432038009166718 0.0022665061987936497 0.06344933062791824 -0.0043802810832858086 0.0010351429227739573
0.10977041721343994 0.0024369528982788324 0.2910672426223755 -0.004665200598537922 0.0006250400911085308
0.04248660430312157 0.029359931126236916 0.160300150513649 -0.05934504419565201 0.0013277156976982951
0.07084923982620239 0.05318932607769966 0.17494231462478638 -0.10731804370880127 0.0007753826794214547
0.022149305790662766 0.06429851055145264 0.04950480908155441 -0.12881243228912354 0.0008071955526247621
0.033895500004291534 0.06758345663547516 0.06604361534118652 -0.13522771000862122 0.0020976129453629255
0.045106440782547 0.06847163289785385 0.13351933658123016 -0.136979877948761 0.0007763128960505128
0.0939565971493721 0.06889945268630981 0.3181564509868622 -0.13779059052467346 0.000859379128087312
0.021725691854953766 0.06895511597394943 0.09393686056137085 -0.13791309297084808 0.0013329850044101477
0.04910627752542496 0.06909298151731491 0.09757094085216522 -0.13818906247615814 0.002004965441301465
0.07730308175086975 0.06917060911655426 0.23381100594997406 -0.13834427297115326 0.001893168780952692
0.02038724161684513 0.06921573728322983 0.03214124217629433 -0.1384335160255432 0.0013793758116662502
0.0397307313978672 0.06924444437026978 0.14064984023571014 -0.1384885162115097 0.0044899010099470615
0.019879968836903572 0.06924952566623688 0.04911623150110245 -0.1384991705417633 0.008166356012225151
0.04989054426550865 0.06926377862691879 0.14149226248264313 -0.13852781057357788 0.006270201411098242
0.037178948521614075 0.06927403062582016 0.11029872298240662 -0.13854840397834778 0.007339824456721544
0.0288191307336092 0.0692816972732544 0.05362406373023987 -0.13856367766857147 0.014026928693056107
0.0607801154255867 0.06928769499063492 0.16762948036193848 -0.13857538998126984 0.013569068163633347
0.05319836735725403 0.06928908824920654 0.1318129003047943 -0.13857828080654144 0.004697086289525032
0.033781543374061584 0.06929339468479156 0.12240089476108551 -0.1385868638753891 0.004146975465118885
0.016456713899970055 0.06929697096347809 0.0319717675447464 -0.13859401643276215 0.013056499883532524
0.06313950568437576 0.06929998844861984 0.18757478892803192 -0.13860003650188446 0.01155052799731493
0.059756845235824585 0.06930255144834518 0.12239539623260498 -0.13860511779785156 0.019981849938631058
0.033039335161447525 0.06930320709943771 0.06049099937081337 -0.138606458902359 0.008219107054173946
0.011139214038848877 0.06930526345968246 0.017005981877446175 -0.1386105865240097 0.006448257714509964
0.019955558702349663 0.06930702924728394 0.030630620196461678 -0.13861410319805145 0.0029691632371395826
0.04957350715994835 0.06930851936340332 0.11538679897785187 -0.13861706852912903 0.011952796950936317
0.025847747921943665 0.0693097710609436 0.06528163701295853 -0.1386195719242096 0.0020827034022659063
0.054771699011325836 0.06931009143590927 0.12554293870925903 -0.13862021267414093 0.008414613083004951
0.023628246039152145 0.06931108236312866 0.02829495444893837 -0.1386221945285797 0.008440900593996048
0.014528298750519753 0.06931189447641373 0.03490220010280609 -0.13862381875514984 0.004087498877197504
0.032331548631191254 0.06931255012750626 0.06769528985023499 -0.1386251002550125 0.007129611447453499
0.030252397060394287 0.06931307166814804 0.061419952660799026 -0.13862617313861847 0.0009846427710726857
0.026892580091953278 0.06931320577859879 0.0692237913608551 -0.13862644135951996 0.005013187415897846
0.020091058686375618 0.06931360065937042 0.024184422567486763 -0.13862720131874084 0.005829126574099064
0.015467336401343346 0.0693138986825943 0.04168352857232094 -0.1386277973651886 0.003421987406909466
0.02703278884291649 0.0693141296505928 0.11210132390260696 -0.1386282593011856 0.006687909364700317
0.009400364011526108 0.06931430101394653 0.011801527813076973 -0.13862861692905426 0.0067488038912415504
0.0515228696167469 0.06931434571743011 0.185507670044899 -0.13862869143486023 0.010273211635649204
