1.056566596031189 0.07401963323354721 -1.370290756225586 -0.1381038874387741 0.08063848316669464
0.2217217981815338 0.0691591277718544 -30.733884811401367 -0.14992892742156982 0.04529551789164543
0.21540555357933044 0.06922206282615662 -31.839691162109375 -0.14708691835403442 0.045922767370939255
0.1126537099480629 0.06921490281820297 -32.058868408203125 -0.14693479239940643 0.03201761841773987
0.1131286546587944 0.06924309581518173 -31.690807342529297 -0.14667253196239471 0.028018688783049583
0.046502772718667984 0.0692383274435997 -32.69795608520508 -0.14664779603481293 0.02528364025056362
0.08469533920288086 0.06920821964740753 -33.30990982055664 -0.1465207189321518 0.027489345520734787
0.09975679963827133 0.06922177225351334 -33.45543670654297 -0.14640498161315918 0.01785358041524887
0.2204466462135315 0.06921850144863129 -32.469017028808594 -0.14637954533100128 0.021923476830124855
0.10456407815217972 0.06918584555387497 -33.494632720947266 -0.14661963284015656 0.016458040103316307
0.05020652711391449 0.06917430460453033 -33.938209533691406 -0.14677070081233978 0.016175320371985435
0.03525237739086151 0.06913693994283676 -33.715396881103516 -0.14690187573432922 0.016218887642025948
0.02443065121769905 0.0691305622458458 -34.031883239746094 -0.14694830775260925 0.01932671293616295
0.05257397145032883 0.06916525214910507 -34.306861877441406 -0.14674238860607147 0.013298826292157173
0.04822889715433121 0.06921394914388657 -34.01070022583008 -0.14641569554805756 0.011739332228899002
0.09832942485809326 0.06922762840986252 -34.070220947265625 -0.1463073343038559 0.015721522271633148
0.06255896389484406 0.0692567378282547 -33.97980880737305 -0.14604228734970093 0.010016432031989098
0.03871689364314079 0.06927769631147385 -33.92205810546875 -0.1458108276128769 0.00806182436645031
0.12376483529806137 0.06929030269384384 -34.34518814086914 -0.14562170207500458 0.014960426837205887
0.043710995465517044 0.0692983940243721 -33.48582077026367 -0.14548277854919434 0.011372558772563934
0.0783424973487854 0.06930001080036163 -34.54719543457031 -0.1454486846923828 0.0088048642501235
0.011811834760010242 0.06930370628833771 -34.122100830078125 -0.14536242187023163 0.01191096380352974
0.020472852513194084 0.06930631399154663 -34.50678253173828 -0.14529770612716675 0.011704415082931519
0.043429985642433167 0.06930819898843765 -34.294349670410156 -0.14523933827877045 0.010402338579297066
0.1336526870727539 0.06930958479642868 -33.91657638549805 -0.14519353210926056 0.010993443429470062
0.020793046802282333 0.06930989027023315 -33.932586669921875 -0.14518144726753235 0.004053751938045025
0.03785393759608269 0.06931068748235703 -33.936641693115234 -0.14514969289302826 0.013717539608478546
0.05124279856681824 0.06931132823228836 -34.00694274902344 -0.14512358605861664 0.014775633811950684
0.02387608215212822 0.06931181997060776 -33.96467590332031 -0.14509984850883484 0.008426951244473457
0.0490393303334713 0.06931222975254059 -34.839637756347656 -0.1450795978307724 0.015980977565050125
0.03129925578832626 0.06931232661008835 -34.10874557495117 -0.14507420361042023 0.007571331225335598
0.0978049784898758 0.06931260973215103 -34.75424575805664 -0.145058274269104 0.008952667936682701
0.029811756685376167 0.06931286305189133 -34.85050582885742 -0.14504413306713104 0.008670574054121971
0.02281276322901249 0.06931306421756744 -35.55875015258789 -0.14503078162670135 0.01865961030125618
0.03558014705777168 0.06931325048208237 -34.65294647216797 -0.14501838386058807 0.008426538668572903
0.035040952265262604 0.06931330263614655 -34.80710983276367 -0.1450149267911911 0.004363906569778919
0.034353744238615036 0.06931345909833908 -35.038421630859375 -0.14500372111797333 0.01520952582359314
0.016554102301597595 0.06931360065937042 -35.490970611572266 -0.14499309659004211 0.011827465146780014
0.023380499333143234 0.06931372731924057 -35.283233642578125 -0.1449826955795288 0.012891335412859917
0.05898545682430267 0.06931383907794952 -35.50853729248047 -0.14497262239456177 0.013508775271475315
0.02168107032775879 0.06931387633085251 -35.624534606933594 -0.14496974647045135 0.01525762490928173
0.008425692096352577 0.06931398063898087 -36.33614730834961 -0.14496009051799774 0.009504570625722408
0.010932816192507744 0.06931407749652863 -35.400997161865234 -0.14495067298412323 0.013307101093232632
0.06311292946338654 0.06931415945291519 -35.3607177734375 -0.14494146406650543 0.006194345187395811
0.06576109677553177 0.06931423395872116 -34.884605407714844 -0.14493249356746674 0.015933269634842873
0.0624174103140831 0.06931425631046295 -35.424625396728516 -0.1449299156665802 0.013167593628168106
