0.6396560668945312 0.06911742687225342 1.9475908279418945 -0.13321247696876526 0.06692797690629959
0.1699548363685608 0.06931466609239578 0.2147623896598816 -0.13862937688827515 0.045542068779468536
0.12574338912963867 0.06931471079587936 0.14793646335601807 -0.13862940669059753 0.03377493470907211
0.10169398039579391 0.06931471079587936 0.1512097716331482 -0.13862942159175873 0.031181562691926956
0.08254154771566391 0.06931471824645996 0.1112329363822937 -0.13862943649291992 0.022228972986340523
0.03889859467744827 0.06931471824645996 0.06265714764595032 -0.13862943649291992 0.026684148237109184
0.08347559720277786 0.06931471824645996 0.11721060425043106 -0.13862943649291992 0.016025224700570107
0.06432626396417618 0.06931471824645996 0.05532871559262276 -0.13862943649291992 0.01773902028799057
0.10653719305992126 0.06931471824645996 0.10173637419939041 -0.13862943649291992 0.021601688116788864
0.03833398222923279 0.06931471824645996 0.02579786255955696 -0.13862943649291992 0.011765326373279095
0.019688038155436516 0.06931471824645996 0.015566665679216385 -0.13862943649291992 0.012183450162410736
0.021491259336471558 0.06931471824645996 0.021189775317907333 -0.13862943649291992 0.009289747104048729
0.014370717108249664 0.06931471824645996 0.0202675461769104 -0.13862943649291992 0.016885366290807724
0.04472814127802849 0.06931471824645996 0.02749667316675186 -0.13862943649291992 0.008146943524479866
0.015682652592658997 0.06931471824645996 0.010834714397788048 -0.13862943649291992 0.010153581388294697
0.03246841952204704 0.06931471824645996 0.031811509281396866 -0.13862943649291992 0.013555971905589104
0.0338500514626503 0.06931471824645996 0.025734473019838333 -0.13862943649291992 0.005530929192900658
0.015678206458687782 0.06931471824645996 0.012179385870695114 -0.13862943649291992 0.00976460613310337
0.0650690570473671 0.06931471824645996 0.03377362713217735 -0.13862943649291992 0.0035540321841835976
0.01435180939733982 0.06931471824645996 0.01858670450747013 -0.13862943649291992 0.005580107681453228
0.037790969014167786 0.06931471824645996 0.018743736669421196 -0.13862943649291992 0.0033227484673261642
0.009580567479133606 0.06931471824645996 0.02657431736588478 -0.13862943649291992 0.012943810783326626
0.012734632939100266 0.06931471824645996 0.008867298252880573 -0.13862943649291992 0.00774301216006279
0.026144547387957573 0.06931471824645996 0.03288717195391655 -0.13862943649291992 0.0025400593876838684
0.115938201546669 0.06931471824645996 0.05698911100625992 -0.13862943649291992 0.004170633386820555
0.01537671871483326 0.06931471824645996 0.0179812740534544 -0.13862943649291992 0.004089669790118933
0.04037514328956604 0.06931471824645996 0.029719388112425804 -0.13862943649291992 0.003908887971192598
0.04778071492910385 0.06931471824645996 0.06184680387377739 -0.13862943649291992 0.007116150576621294
0.019288772717118263 0.06931471824645996 0.020243793725967407 -0.13862943649291992 0.008089648559689522
0.021204499527812004 0.06931471824645996 0.016127310693264008 -0.13862943649291992 0.010930579155683517
