0.020474979653954506 1.979933500289917 2.019404411315918
0.006448470987379551 0.4259786605834961 0.4178352952003479
0.004556582774966955 0.4821389615535736 0.4766179919242859
0.0035321852192282677 0.29839906096458435 0.29392486810684204
0.00263723055832088 0.4679470658302307 0.4622723460197449
0.0030681996140629053 0.24457398056983948 0.24482551217079163
0.003591482061892748 0.37880420684814453 0.3706919252872467
0.0026270716916769743 0.23979103565216064 0.23918524384498596
0.003336700377985835 0.3309518098831177 0.347697913646698
0.0035354215651750565 0.34424349665641785 0.3401661217212677
0.00259474478662014 0.25234702229499817 0.2503264248371124
0.0033820150420069695 0.33213651180267334 0.3396928906440735
0.0028140388894826174 0.32453715801239014 0.3236919045448303
0.0023259450681507587 0.23209130764007568 0.23101145029067993
0.003113799262791872 0.2994643747806549 0.29232972860336304
0.002618620404973626 0.16584600508213043 0.16478389501571655
0.0019480198388919234 0.188836932182312 0.19054174423217773
0.0033122010063380003 0.3078209459781647 0.3122590482234955
0.00207420252263546 0.14191928505897522 0.1421164572238922
0.002615247154608369 0.20621296763420105 0.20239757001399994
0.002347880508750677 0.2544814348220825 0.25429418683052063
0.0019028050592169166 0.25717782974243164 0.2554223835468292
0.0023486383724957705 0.28000786900520325 0.27978286147117615
0.0023846887052059174 0.2193598747253418 0.22414129972457886
0.002428766107186675 0.30307814478874207 0.3059672713279724
0.002484486671164632 0.11518366634845734 0.11975294351577759
0.0019965250976383686 0.21331697702407837 0.21059933304786682
0.0019211729522794485 0.20187464356422424 0.19886033236980438
0.0016643846174702048 0.18701626360416412 0.18501703441143036
0.0019595881458371878 0.2486809492111206 0.250283420085907
0.002265410963445902 0.24574488401412964 0.2459757924079895
0.00187441217713058 0.16797487437725067 0.1627034991979599
0.0019047490786761045 0.2074563354253769 0.20925407111644745
0.0014059446984902024 0.2787376940250397 0.27861303091049194
0.001672054990194738 0.17401833832263947 0.17038759589195251
0.0014857809292152524 0.17316821217536926 0.17642447352409363
0.0012158406898379326 0.16177639365196228 0.16174215078353882
0.002143253106623888 0.254677414894104 0.24872241914272308
0.001638351590372622 0.14957453310489655 0.15178629755973816
0.0016523184021934867 0.3219349980354309 0.3221132159233093
0.0014390527503564954 0.19104231894016266 0.18754616379737854
0.0017584251472726464 0.1337514966726303 0.13758251070976257
0.0011406911071389914 0.23590078949928284 0.23253488540649414
0.001398696331307292 0.2933034896850586 0.28733307123184204
0.0017126239836215973 0.19879785180091858 0.20015829801559448
0.001641162671148777 0.1936238706111908 0.19402535259723663
0.0013826194917783141 0.1442689299583435 0.1428607851266861
0.0014746375381946564 0.15070073306560516 0.14837175607681274
0.0016580434748902917 0.19129472970962524 0.19109584391117096
0.0011954981600865722 0.26090988516807556 0.2583092153072357
0.0007846697117201984 0.09256231039762497 0.09188582003116608
0.0023866561241447926 0.2325325906276703 0.23572249710559845
0.0018941459711641073 0.22674378752708435 0.22854642570018768
0.0010000728070735931 0.10683350265026093 0.10362641513347626
0.001414062106050551 0.1950455605983734 0.1889593005180359
0.0019253062782809138 0.1728101372718811 0.1725785732269287
0.0008828472346067429 0.12218865007162094 0.12194812297821045
0.001208575675264001 0.15256915986537933 0.1536942571401596
0.0010482469806447625 0.19109821319580078 0.1956712007522583
0.0013426431687548757 0.09314903616905212 0.09194687008857727
0.0016469272086396813 0.17024758458137512 0.1721753180027008
0.0010213531786575913 0.12000970542430878 0.11996737867593765
0.0023695984855294228 0.13811030983924866 0.1416473090648651
0.0015798049280419946 0.16615703701972961 0.16337184607982635
0.0009431293001398444 0.13572269678115845 0.1374029815196991
0.0013788501964882016 0.09554273635149002 0.09440958499908447
0.0016460849437862635 0.11065031588077545 0.1123962253332138
0.0015788181917741895 0.10188597440719604 0.10084627568721771
0.001600544317625463 0.17165035009384155 0.17062412202358246
0.0010704766027629375 0.09062059223651886 0.09067580103874207
0.0008732699789106846 0.18572314083576202 0.1908949613571167
0.0009681608062237501 0.13083668053150177 0.1336231380701065
0.0014522630954161286 0.16857849061489105 0.16699977219104767
0.0009507992654107511 0.18944121897220612 0.1883246749639511
0.0008809983264654875 0.16180716454982758 0.16090145707130432
0.0011990559287369251 0.18606999516487122 0.18392528593540192
0.0013057695468887687 0.10494863986968994 0.10474054515361786
0.001687489217147231 0.15484054386615753 0.1609223484992981
0.0011408791178837419 0.16713519394397736 0.16428735852241516
0.0017277419101446867 0.11933896690607071 0.11843394488096237
0.0010713087394833565 0.114752858877182 0.1195993646979332
0.0012472097296267748 0.12701623141765594 0.1248956173658371
0.00123310717754066 0.1797851026058197 0.1810527890920639
0.0014986569294705987 0.1315089464187622 0.13311636447906494
0.0010009630350396037 0.07989534735679626 0.07867789268493652
0.0012417243560776114 0.2122420370578766 0.20903311669826508
0.0010769719956442714 0.10444317013025284 0.10451707988977432
0.001247319160029292 0.08158710598945618 0.08185853064060211
0.0006518355803564191 0.21292942762374878 0.2145378738641739
0.0013410034589469433 0.11760218441486359 0.11445966362953186
0.0014202626189216971 0.20195487141609192 0.20386111736297607
0.0008528121979907155 0.12613916397094727 0.12191887944936752
0.000823059817776084 0.09834183752536774 0.09903478622436523
0.0006948012160137296 0.1526722013950348 0.1553456336259842
0.0012752083130180836 0.08110815286636353 0.08208856731653214
0.0012020028661936522 0.07909850776195526 0.07945407927036285
0.0007964965770952404 0.08604082465171814 0.08499817550182343
0.0010565957054495811 0.08077005296945572 0.07990822196006775
0.0012055395636707544 0.1299166977405548 0.1293061077594757
0.001126763061620295 0.19049370288848877 0.17881545424461365
0.0008751488639973104 0.08075585961341858 0.08030162751674652
0.0011016420321539044 0.048396386206150055 0.047210291028022766
0.0011364041129127145 0.09984651207923889 0.10219691693782806
0.0010576952481642365 0.13651207089424133 0.13514229655265808
0.0009490929078310728 0.13848955929279327 0.1373792439699173
0.0011984806042164564 0.07432196289300919 0.07245594263076782
0.0007689463091082871 0.13379217684268951 0.13103365898132324
0.0012390103656798601 0.1221083551645279 0.12214063107967377
0.000948255299590528 0.15206465125083923 0.14908963441848755
0.001204706379212439 0.11915662884712219 0.11896438896656036
0.0010542927775532007 0.13167396187782288 0.13314110040664673
0.0013390626991167665 0.1235349178314209 0.11977078020572662
0.0011648606741800904 0.10505758225917816 0.10384805500507355
0.0009400408016517758 0.07342302054166794 0.07349566370248795
0.0006704598781652749 0.04107585921883583 0.04079338535666466
0.0010299135465174913 0.10913852602243423 0.11395684629678726
0.0011325167724862695 0.09361942857503891 0.0905286893248558
0.0007683360599912703 0.08219704031944275 0.08222532272338867
0.0009721528040245175 0.06328676640987396 0.06516605615615845
0.0011981778079643846 0.23410440981388092 0.23732352256774902
0.0009969724342226982 0.07257004082202911 0.07286442071199417
0.0010130528826266527 0.04691695049405098 0.04598143696784973
0.0011272100964561105 0.11201257258653641 0.10989819467067719
0.0016872035339474678 0.10497251152992249 0.10565534979104996
0.0010328618809580803 0.0543246753513813 0.052848055958747864
0.0008954374934546649 0.18514318764209747 0.18294163048267365
0.0006246735574677587 0.06175841763615608 0.062181346118450165
0.0007502963417209685 0.031074494123458862 0.030078351497650146
0.0011606898624449968 0.1118830144405365 0.1119346171617508
0.0011923343408852816 0.1274988204240799 0.12443874031305313
0.0008992986404336989 0.06691907346248627 0.06762929260730743
0.0008752993308007717 0.07140981405973434 0.07094553112983704
0.0006338985403999686 0.07692991942167282 0.07548024505376816
0.0013576684286817908 0.1544828861951828 0.1582973599433899
0.0007078040507622063 0.08974193781614304 0.09008641541004181
0.0012553842971101403 0.06998752057552338 0.07095317542552948
0.0008961490239016712 0.08971180021762848 0.08922024071216583
0.000930838636122644 0.1199890747666359 0.12107037752866745
0.0006189632113091648 0.10482626408338547 0.10360926389694214
0.0007517438498325646 0.08492641150951385 0.08963996171951294
0.0011150474892929196 0.06936474144458771 0.06720010936260223
0.000980402110144496 0.08244777470827103 0.08025993406772614
0.0008451426401734352 0.12931999564170837 0.13062018156051636
0.0011254878481850028 0.11597785353660583 0.11755546927452087
0.0008872283506207168 0.11620928347110748 0.11516702175140381
0.001044403063133359 0.08059624582529068 0.07996875792741776
0.0006693494506180286 0.13659317791461945 0.13885000348091125
0.0008447771542705595 0.0818733498454094 0.08139511197805405
0.0012189317494630814 0.18199065327644348 0.1825883388519287
0.0010134679032489657 0.18712733685970306 0.18689635396003723
0.0012027941411361098 0.06874231994152069 0.06971949338912964
0.0013563053216785192 0.044659197330474854 0.040500108152627945
0.001481497660279274 0.06361152976751328 0.061681803315877914
0.0008067578892223537 0.03349708393216133 0.03421775624155998
0.0012699005892500281 0.159565269947052 0.1568395346403122
0.0007358960574492812 0.028818516060709953 0.029802588745951653
0.001025832025334239 0.03937893733382225 0.039811134338378906
0.0006662948289886117 0.09297846257686615 0.09171456098556519
0.001171438954770565 0.11345233023166656 0.11347228288650513
0.0008407020359300077 0.19391238689422607 0.1907249391078949
0.0009310843306593597 0.074051633477211 0.0762590765953064
0.0008010058663785458 0.05245865508913994 0.052365802228450775
0.0010025007650256157 0.14172735810279846 0.1407260000705719
0.0011828605784103274 0.13364510238170624 0.1363796591758728
0.0012137703597545624 0.09105917066335678 0.08826921135187149
0.001101809204556048 0.044731028378009796 0.04693395644426346
0.0005866955616511405 0.10394562780857086 0.10309633612632751
0.0009507493814453483 0.029557419940829277 0.028496932238340378
0.0009845755994319916 0.049918439239263535 0.04931356757879257
0.0007892567664384842 0.12179891765117645 0.12034516036510468
0.000959772733040154 0.1591740995645523 0.15712538361549377
0.0007331037777476013 0.06685422360897064 0.06851520389318466
0.0008214361150749028 0.0672762393951416 0.06837312132120132
0.0008187681087292731 0.09161802381277084 0.09245740622282028
0.0008034791680984199 0.16238869726657867 0.16057026386260986
0.0011521230917423964 0.08492335677146912 0.08494241535663605
0.0006576652522198856 0.06076568365097046 0.06195813789963722
0.0006688865250907838 0.03369942680001259 0.03178323805332184
0.0012836422538384795 0.10353018343448639 0.10386721044778824
0.0007443991489708424 0.10506214201450348 0.10369417071342468
0.0008871953468769789 0.07788694649934769 0.07502597570419312
0.0007415104773826897 0.04916093498468399 0.0486806258559227
0.0013030885020270944 0.05714058503508568 0.057418759912252426
0.0004953074385412037 0.09025415778160095 0.09393709897994995
0.0010952552547678351 0.06154845654964447 0.06323128938674927
0.0009745894931256771 0.12224947661161423 0.12046943604946136
0.0010036176536232233 0.061535537242889404 0.0617225281894207
0.0014222561148926616 0.06902284920215607 0.06963665783405304
0.000540700217243284 0.06786557286977768 0.06801417469978333
0.0012481104349717498 0.08184662461280823 0.08185574412345886
0.0008267237571999431 0.06217190623283386 0.05899885669350624
0.0007219577091746032 0.0701320618391037 0.07090995460748672
0.0009736492647789419 0.07909543067216873 0.07875794172286987
0.0009010626818053424 0.13215328752994537 0.13116303086280823
0.0015130097744986415 0.09967640042304993 0.1009301245212555
0.001006620586849749 0.04441807419061661 0.04400451108813286
0.000883755215909332 0.05712549388408661 0.05736972391605377
0.000733938068151474 0.045266058295965195 0.042885858565568924
0.0009027629857882857 0.07059048861265182 0.06864459067583084
0.0011505072470754385 0.030964557081460953 0.032677944749593735
0.000736676505766809 0.09949962049722672 0.10383789986371994
0.0009042830788530409 0.026162605732679367 0.025381287559866905
0.001126455725170672 0.08749663829803467 0.08673472702503204
0.0008507841266691685 0.08935433626174927 0.08956988900899887
0.001116769970394671 0.16262558102607727 0.16458381712436676
0.000826543546281755 0.05102493241429329 0.050370246171951294
0.000688215484842658 0.08643411844968796 0.087303027510643
0.0006506280624307692 0.13578438758850098 0.13803184032440186
0.0009844739688560367 0.07181227207183838 0.07365313917398453
0.0010170607129111886 0.053624771535396576 0.0549091100692749
0.0009049359359778464 0.03505764529109001 0.03641790896654129
0.000842372071929276 0.08933770656585693 0.09012259542942047
0.0012887563789263368 0.06897249072790146 0.06987766921520233
0.0006889454671181738 0.0661354660987854 0.06555047631263733
0.0010327730560675263 0.08849811553955078 0.08791688829660416
0.0013793441466987133 0.0682249516248703 0.06683333218097687
0.0010041657369583845 0.025569481775164604 0.02342275157570839
0.0011451237369328737 0.05296320095658302 0.05220646783709526
0.0006497976137325168 0.10126654803752899 0.10108548402786255
0.0007262599538080394 0.17972101271152496 0.1765768826007843
0.001355437794700265 0.0620039664208889 0.06285379827022552
0.0012149951653555036 0.030795732513070107 0.030743105337023735
0.0010796129936352372 0.06636049598455429 0.06427589803934097
0.000688824278768152 0.05827098339796066 0.057814788073301315
0.0009186795796267688 0.11047892272472382 0.11378054320812225
0.000838685140479356 0.042411308735609055 0.04248189181089401
0.001084433402866125 0.02786649577319622 0.0276888869702816
0.0007492070435546339 0.06099310517311096 0.060114726424217224
0.0011146599426865578 0.03770699352025986 0.038510147482156754
0.0008083832799457014 0.12539458274841309 0.12649166584014893
0.0008955270750448108 0.028104281052947044 0.027894727885723114
0.000971292145550251 0.08142849802970886 0.07974636554718018
0.0008111572824418545 0.06664279103279114 0.06586805731058121
0.001081337220966816 0.11145824939012527 0.11190193146467209
0.00040867438656277955 0.08228585124015808 0.08120858669281006
