0.6396322250366211 0.07467694580554962 5.327552318572998 -0.1628110259771347 0.10483048111200333
0.19148504734039307 0.06953176110982895 0.5792487263679504 -0.13893885910511017 0.034361593425273895
0.14884616434574127 0.06931915134191513 0.3844103515148163 -0.1386103481054306 0.01828668639063835
0.10416460037231445 0.06930220127105713 0.31313949823379517 -0.13860827684402466 0.012686868198215961
0.08528894931077957 0.06930791586637497 0.24205760657787323 -0.1386147290468216 0.01721147820353508
0.04102286696434021 0.0693088248372078 0.06789826601743698 -0.1386161893606186 0.015120982192456722
0.10121991485357285 0.06931031495332718 0.27655917406082153 -0.13862080872058868 0.006815852597355843
0.07376056909561157 0.0693122074007988 0.22609306871891022 -0.13862468302249908 0.013455336913466454
0.12892070412635803 0.06931330263614655 0.3428564965724945 -0.13862662017345428 0.00975517276674509
0.02900666743516922 0.06931375712156296 0.07789851725101471 -0.13862751424312592 0.011111574247479439
0.01972614973783493 0.06931384652853012 0.03672397509217262 -0.13862769305706024 0.007811805233359337
0.01769617386162281 0.06931405514478683 0.05509473755955696 -0.13862811028957367 0.006095627322793007
0.01768551766872406 0.06931418180465698 0.036407969892024994 -0.13862834870815277 0.0048468392342329025
0.06669940054416656 0.06931426376104355 0.19692914187908173 -0.1386285275220871 0.008267879486083984
0.03936483711004257 0.06931432336568832 0.058340348303318024 -0.13862864673137665 0.008818689733743668
0.036062829196453094 0.06931433826684952 0.09706789255142212 -0.13862867653369904 0.005028737708926201
0.03098515421152115 0.0693143829703331 0.07788284868001938 -0.1386287659406662 0.0057667326182127
0.02914987877011299 0.06931443512439728 0.0647793635725975 -0.13862887024879456 0.006535286549478769
0.04702292010188103 0.06931447237730026 0.12007685750722885 -0.13862894475460052 0.004595509730279446
0.018924707546830177 0.06931450217962265 0.08622551709413528 -0.1386290043592453 0.005938485264778137
0.03816420957446098 0.06931451708078384 0.1333623230457306 -0.1386290341615677 0.003521053586155176
0.013733530417084694 0.06931453943252563 0.030962906777858734 -0.13862907886505127 0.006983312778174877
0.014517443254590034 0.06931456178426743 0.0224153995513916 -0.13862912356853485 0.006379011087119579
0.0248036477714777 0.06931459158658981 0.08169303834438324 -0.13862918317317963 0.0039076609537005424
0.05701141059398651 0.0693146139383316 0.15739072859287262 -0.1386292278766632 0.0059755719266831875
0.014307878911495209 0.0693146213889122 0.027840767055749893 -0.1386292427778244 0.0034626596607267857
0.02654530294239521 0.0693146362900734 0.08342689275741577 -0.1386292725801468 0.0030280721839517355
0.0442979522049427 0.06931465119123459 0.128332257270813 -0.13862930238246918 0.0030589746311306953
0.02600199356675148 0.06931466609239578 0.0368848517537117 -0.13862933218479156 0.0038838230539113283
0.027400610968470573 0.06931468099355698 0.06675156950950623 -0.13862936198711395 0.006739897653460503
0.010026972740888596 0.06931468099355698 0.0162313524633646 -0.13862936198711395 0.0020447280257940292
0.019563525915145874 0.06931468099355698 0.05109935626387596 -0.13862936198711395 0.005770337302237749
0.01749184913933277 0.06931469589471817 0.031043117865920067 -0.13862939178943634 0.004247630480676889
0.01900629512965679 0.06931470334529877 0.054794155061244965 -0.13862940669059753 0.0055061751045286655
0.02020411379635334 0.06931471079587936 0.09108511358499527 -0.13862940669059753 0.0027137792203575373
0.026156341657042503 0.06931471079587936 0.04196793586015701 -0.13862942159175873 0.004085195250809193
0.017330380156636238 0.06931471079587936 0.051940903067588806 -0.13862942159175873 0.0058805076405406
0.015094758942723274 0.06931471079587936 0.04068683460354805 -0.13862942159175873 0.0023399258498102427
0.013329444453120232 0.06931471079587936 0.03761535510420799 -0.13862942159175873 0.00548782292753458
0.03160368651151657 0.06931471824645996 0.06250882893800735 -0.13862943649291992 0.005348148290067911
0.011047281324863434 0.06931471079587936 0.025910677388310432 -0.13862942159175873 0.005399132147431374
0.012180976569652557 0.06931471079587936 0.019122788682579994 -0.13862942159175873 0.005928356666117907
0.008562477305531502 0.06931471824645996 0.023219309747219086 -0.13862942159175873 0.003094438696280122
0.029222145676612854 0.06931471824645996 0.054687026888132095 -0.13862943649291992 0.002418117830529809
0.015227755531668663 0.06931471824645996 0.03683102875947952 -0.13862943649291992 0.006098796147853136
0.013700628653168678 0.06931471824645996 0.02516445703804493 -0.13862943649291992 0.004133723676204681
0.010914772748947144 0.06931471824645996 0.01860371045768261 -0.13862943649291992 0.0020106760784983635
0.014112122356891632 0.06931471824645996 0.026234617456793785 -0.13862943649291992 0.0033452031202614307
0.04415516182780266 0.06931471824645996 0.1324928253889084 -0.13862943649291992 0.0023549092002213
0.02922102063894272 0.06931471824645996 0.036861054599285126 -0.13862943649291992 0.005555386655032635
0.016012493520975113 0.06931471824645996 0.02931816689670086 -0.13862943649291992 0.0057984571903944016
0.008198581635951996 0.06931471824645996 0.012989005073904991 -0.13862943649291992 0.005068851634860039
0.00917452946305275 0.06931471824645996 0.03017139807343483 -0.13862943649291992 0.00698963925242424
0.013842293992638588 0.06931471824645996 0.043997593224048615 -0.13862943649291992 0.004739276599138975
0.01003975048661232 0.06931471824645996 0.017571289092302322 -0.13862943649291992 0.004541890695691109
0.02626623585820198 0.06931471824645996 0.04238114133477211 -0.13862943649291992 0.004046012181788683
0.01049903966486454 0.06931471824645996 0.025007350370287895 -0.13862943649291992 0.004183362703770399
0.012790210545063019 0.06931471824645996 0.039515022188425064 -0.13862943649291992 0.004871387500315905
0.008662279695272446 0.06931471824645996 0.016224725171923637 -0.13862943649291992 0.0030546123161911964
0.007477067410945892 0.06931471824645996 0.011776232160627842 -0.13862943649291992 0.0029255589470267296
0.010781414806842804 0.06931471824645996 0.02484486810863018 -0.13862943649291992 0.0034465808421373367
0.010854873806238174 0.06931471824645996 0.022479450330138206 -0.13862943649291992 0.00530218705534935
0.009447190910577774 0.06931471824645996 0.026774659752845764 -0.13862943649291992 0.006100106984376907
0.03301674872636795 0.06931471824645996 0.048524159938097 -0.13862943649291992 0.0029297645669430494
0.01461864449083805 0.06931471824645996 0.04003342613577843 -0.13862943649291992 0.0025692442432045937
0.01495913602411747 0.06931471824645996 0.04335033893585205 -0.13862943649291992 0.004204519558697939
0.0051469020545482635 0.06931471824645996 0.0064902640879154205 -0.13862943649291992 0.003513864241540432
0.02980448305606842 0.06931471824645996 0.05566293001174927 -0.13862943649291992 0.003288539359346032
0.00944879837334156 0.06931471824645996 0.052104923874139786 -0.13862943649291992 0.002918184967711568
0.0119550172239542 0.06931471824645996 0.04508576914668083 -0.13862943649291992 0.007392235100269318
0.007133640348911285 0.06931471824645996 0.018268374726176262 -0.13862943649291992 0.005296026356518269
0.009911470115184784 0.06931471824645996 0.016254784539341927 -0.13862943649291992 0.0020403130911290646
0.013386733829975128 0.06931471824645996 0.029271503910422325 -0.13862943649291992 0.0055788783356547356
0.00685429573059082 0.06931471824645996 0.008409356698393822 -0.13862943649291992 0.0062086330726742744
0.02677140384912491 0.06931471824645996 0.1037435308098793 -0.13862943649291992 0.004910965450108051
0.007433868944644928 0.06931471824645996 0.011932296678423882 -0.13862943649291992 0.002730455482378602
0.00760478712618351 0.06931471824645996 0.022623030468821526 -0.13862943649291992 0.0022379213478416204
0.022399282082915306 0.06931471824645996 0.054416995495557785 -0.13862943649291992 0.0029447784181684256
0.010338667780160904 0.06931471824645996 0.027847932651638985 -0.13862943649291992 0.003039028961211443
0.005903612822294235 0.06931471824645996 0.014169717207551003 -0.13862943649291992 0.00657950434833765
0.0068483129143714905 0.06931471824645996 0.034101951867341995 -0.13862943649291992 0.0034786518663167953
0.013308452442288399 0.06931471824645996 0.026440920308232307 -0.13862943649291992 0.003936265129595995
0.010937554761767387 0.06931471824645996 0.020484264940023422 -0.13862943649291992 0.003491045441478491
0.03052794747054577 0.06931471824645996 0.062398917973041534 -0.13862943649291992 0.0063529289327561855
0.010891946032643318 0.06931471824645996 0.02413242869079113 -0.13862943649291992 0.002924320288002491
0.009739447385072708 0.06931471824645996 0.015679549425840378 -0.13862943649291992 0.004827736411243677
0.028125841170549393 0.06931471824645996 0.07319245487451553 -0.13862943649291992 0.004476112313568592
0.03208275884389877 0.06931471824645996 0.04950795695185661 -0.13862943649291992 0.007914567366242409
0.009646875783801079 0.06931471824645996 0.017558153718709946 -0.13862943649291992 0.002515505999326706
0.024993451312184334 0.06931471824645996 0.037624698132276535 -0.13862943649291992 0.005547184497117996
0.021435486152768135 0.06931471824645996 0.05204908177256584 -0.13862943649291992 0.005119894631206989
0.006854210048913956 0.06931471824645996 0.016423771157860756 -0.13862943649291992 0.005568427965044975
0.012562943622469902 0.06931471824645996 0.026034940034151077 -0.13862943649291992 0.002038673497736454
0.01726347953081131 0.06931471824645996 0.03218962252140045 -0.13862943649291992 0.0022117067128419876
0.007462117820978165 0.06931471824645996 0.013303486630320549 -0.13862943649291992 0.0026619506534188986
0.009348796680569649 0.06931471824645996 0.015450017526745796 -0.13862943649291992 0.00374014675617218
0.007403019815683365 0.06931471824645996 0.015002526342868805 -0.13862943649291992 0.0033057848922908306
0.02017904445528984 0.06931471824645996 0.038936663419008255 -0.13862943649291992 0.0014257392613217235
0.009057983756065369 0.06931471824645996 0.012110380455851555 -0.13862943649291992 0.005083360243588686
0.010828988626599312 0.06931471824645996 0.027342645451426506 -0.13862943649291992 0.0026042391546070576
0.029733575880527496 0.06931471824645996 0.07165813446044922 -0.13862943649291992 0.0017944113351404667
0.010695075616240501 0.06931471824645996 0.03934290260076523 -0.13862943649291992 0.0036545428447425365
0.017072025686502457 0.06931471824645996 0.029030002653598785 -0.13862943649291992 0.00493905134499073
0.007794473320245743 0.06931471824645996 0.01813657023012638 -0.13862943649291992 0.0032043964602053165
0.04252220317721367 0.06931471824645996 0.07525022327899933 -0.13862943649291992 0.004082830157130957
0.013578066602349281 0.06931471824645996 0.02798883430659771 -0.13862943649291992 0.0030395544599741697
0.028032267466187477 0.06931471824645996 0.03670625761151314 -0.13862943649291992 0.003994365222752094
0.01939813233911991 0.06931471824645996 0.02745465561747551 -0.13862943649291992 0.0022407376673072577
0.0134571623057127 0.06931471824645996 0.02015908621251583 -0.13862943649291992 0.0021414021030068398
0.008065696805715561 0.06931471824645996 0.012196404859423637 -0.13862943649291992 0.00361830135807395
0.023718319833278656 0.06931471824645996 0.026489242911338806 -0.13862943649291992 0.002456860151141882
0.009914413094520569 0.06931471824645996 0.025491172447800636 -0.13862943649291992 0.0036474354565143585
0.010773994028568268 0.06931471824645996 0.022335942834615707 -0.13862943649291992 0.0074586421251297
0.005205906927585602 0.06931471824645996 0.010576954111456871 -0.13862943649291992 0.0028964239172637463
0.04644598439335823 0.06931471824645996 0.10295186936855316 -0.13862943649291992 0.003941638395190239
0.007221866399049759 0.06931471824645996 0.01193256862461567 -0.13862943649291992 0.007578023709356785
0.012446964159607887 0.06931471824645996 0.010242201387882233 -0.13862943649291992 0.005251032300293446
0.01093016192317009 0.06931471824645996 0.022607555612921715 -0.13862943649291992 0.0018748270813375711
0.0066900961101055145 0.06931471824645996 0.010855124332010746 -0.13862943649291992 0.0023860358633100986
0.016356173902750015 0.06931471824645996 0.02743365243077278 -0.13862943649291992 0.005745343863964081
0.013234056532382965 0.06931471824645996 0.02798532322049141 -0.13862943649291992 0.0014007886638864875
0.0082071702927351 0.06931471824645996 0.0174767654389143 -0.13862943649291992 0.0032985417637974024
0.018173007294535637 0.06931471824645996 0.032931677997112274 -0.13862943649291992 0.002124365884810686
0.0117128174751997 0.06931471824645996 0.04629954323172569 -0.13862943649291992 0.0029298674780875444
0.0076609887182712555 0.06931471824645996 0.011442825198173523 -0.13862943649291992 0.004549957811832428
0.02004210092127323 0.06931471824645996 0.03299115598201752 -0.13862943649291992 0.005745427682995796
0.0053262971341609955 0.06931471824645996 0.00896442960947752 -0.13862943649291992 0.0017420761287212372
0.009876132011413574 0.06931471824645996 0.016962237656116486 -0.13862943649291992 0.003996666986495256
0.0113765187561512 0.06931471824645996 0.025370851159095764 -0.13862943649291992 0.003985721617937088
0.012857913970947266 0.06931471824645996 0.025220921263098717 -0.13862943649291992 0.0066480450332164764
0.038909945636987686 0.06931471824645996 0.10797899961471558 -0.13862943649291992 0.002284049754962325
0.012703437358140945 0.06931471824645996 0.04249603673815727 -0.13862943649291992 0.003981436602771282
0.011493435129523277 0.06931471824645996 0.014921644702553749 -0.13862943649291992 0.002502646530047059
0.023902004584670067 0.06931471824645996 0.03796801716089249 -0.13862943649291992 0.002868813229724765
0.007950395345687866 0.06931471824645996 0.02044110931456089 -0.13862943649291992 0.002258159453049302
0.008304674178361893 0.06931471824645996 0.01097051054239273 -0.13862943649291992 0.0024869898334145546
0.023976117372512817 0.06931471824645996 0.02165892906486988 -0.13862943649291992 0.003962690010666847
0.008094828575849533 0.06931471824645996 0.017432011663913727 -0.13862943649291992 0.005079255905002356
0.028437413275241852 0.06931471824645996 0.06011445075273514 -0.13862943649291992 0.003699461929500103
0.0165463425219059 0.06931471824645996 0.04701898619532585 -0.13862943649291992 0.0019650268368422985
0.009204838424921036 0.06931471824645996 0.011967717669904232 -0.13862943649291992 0.004469734150916338
0.01208551973104477 0.06931471824645996 0.018370145931839943 -0.13862943649291992 0.002378826728090644
0.015018396079540253 0.06931471824645996 0.04500593990087509 -0.13862943649291992 0.00227982085198164
0.005913984030485153 0.06931471824645996 0.005307341925799847 -0.13862943649291992 0.002986591774970293
0.011428400874137878 0.06931471824645996 0.032572418451309204 -0.13862943649291992 0.0026767600793391466
0.030457446351647377 0.06931471824645996 0.05822266638278961 -0.13862943649291992 0.0043714954517781734
0.01000630110502243 0.06931471824645996 0.0154357198625803 -0.13862943649291992 0.0033186208456754684
0.008658874779939651 0.06931471824645996 0.011043192818760872 -0.13862943649291992 0.0039746761322021484
0.0138831976801157 0.06931471824645996 0.011095315217971802 -0.13862943649291992 0.004118678160011768
0.010245077311992645 0.06931471824645996 0.015306727960705757 -0.13862943649291992 0.007409105077385902
0.06270474195480347 0.06931471824645996 0.14168009161949158 -0.13862943649291992 0.004977080039680004
0.006938666105270386 0.06931471824645996 0.012178169563412666 -0.13862943649291992 0.0027977116405963898
0.0072722360491752625 0.06931471824645996 0.016679156571626663 -0.13862943649291992 0.0023505697026848793
0.015447456389665604 0.06931471824645996 0.010400230064988136 -0.13862943649291992 0.0031798230484128
0.03379613161087036 0.06931471824645996 0.09208370000123978 -0.13862943649291992 0.0032951354514807463
0.021779624745249748 0.06931471824645996 0.03815566748380661 -0.13862943649291992 0.001335300737991929
0.046868301928043365 0.06931471824645996 0.13958100974559784 -0.13862943649291992 0.0028572785668075085
0.010137844830751419 0.06931471824645996 0.015948288142681122 -0.13862943649291992 0.0019455617293715477
0.014080598950386047 0.06931471824645996 0.03712165728211403 -0.13862943649291992 0.0028591742739081383
0.013414157554507256 0.06931471824645996 0.0177434254437685 -0.13862943649291992 0.005808520596474409
0.005307130515575409 0.06931471824645996 0.019408641383051872 -0.13862943649291992 0.0029855736065655947
0.022188670933246613 0.06931471824645996 0.04723484441637993 -0.13862943649291992 0.0028509064577519894
0.009214289486408234 0.06931471824645996 0.019012462347745895 -0.13862943649291992 0.0025673718191683292
0.03155208379030228 0.06931471824645996 0.11709978431463242 -0.13862943649291992 0.004656628705561161
0.013781342655420303 0.06931471824645996 0.02402694709599018 -0.13862943649291992 0.00420876732096076
0.008335992693901062 0.06931471824645996 0.012082943692803383 -0.13862943649291992 0.003936297260224819
0.010434769093990326 0.06931471824645996 0.020452631637454033 -0.13862943649291992 0.002361110644415021
0.015330672264099121 0.06931471824645996 0.03581983223557472 -0.13862943649291992 0.0025063022039830685
0.00874980166554451 0.06931471824645996 0.015178806148469448 -0.13862943649291992 0.0028999149799346924
0.010824490338563919 0.06931471824645996 0.013735112734138966 -0.13862943649291992 0.0036190850660204887
0.011078748852014542 0.06931471824645996 0.015972672030329704 -0.13862943649291992 0.0031582925003021955
0.006788820028305054 0.06931471824645996 0.01743311434984207 -0.13862943649291992 0.0018998491577804089
0.010587615892291069 0.06931471824645996 0.012839529663324356 -0.13862943649291992 0.0023550488986074924
0.010495617985725403 0.06931471824645996 0.012586964294314384 -0.13862943649291992 0.00764990272000432
0.020472874864935875 0.06931471824645996 0.02476070635020733 -0.13862943649291992 0.004474971443414688
0.018249548971652985 0.06931471824645996 0.03379154950380325 -0.13862943649291992 0.0019214591011404991
0.0252364631742239 0.06931471824645996 0.08395411819219589 -0.13862943649291992 0.002055247314274311
0.009042255580425262 0.06931471824645996 0.016838455572724342 -0.13862943649291992 0.0035271812230348587
0.012809894979000092 0.06931471824645996 0.025850296020507812 -0.13862943649291992 0.006666421890258789
0.013111818581819534 0.06931471824645996 0.028451675549149513 -0.13862943649291992 0.004007856361567974
0.016202108934521675 0.06931471824645996 0.04431552067399025 -0.13862943649291992 0.005565088242292404
0.007222197949886322 0.06931471824645996 0.009769387543201447 -0.13862943649291992 0.002707613864913583
0.04216121509671211 0.06931471824645996 0.0884498804807663 -0.13862943649291992 0.002599677536636591
0.010758187621831894 0.06931471824645996 0.02298772521317005 -0.13862943649291992 0.0026981914415955544
0.012360483407974243 0.06931471824645996 0.033636342734098434 -0.13862943649291992 0.003029281971976161
0.008488558232784271 0.06931471824645996 0.012053681537508965 -0.13862943649291992 0.006032049190253019
0.005116157233715057 0.06931471824645996 0.010358715429902077 -0.13862943649291992 0.003272495698183775
0.013907121494412422 0.06931471824645996 0.03219239041209221 -0.13862943649291992 0.003291797824203968
0.009138651192188263 0.06931471824645996 0.015413733199238777 -0.13862943649291992 0.0023788250982761383
0.0104200579226017 0.06931471824645996 0.014459457248449326 -0.13862943649291992 0.004349994473159313
0.011338330805301666 0.06931471824645996 0.015495359897613525 -0.13862943649291992 0.004804214928299189
0.005998201668262482 0.06931471824645996 0.00949309766292572 -0.13862943649291992 0.00462109362706542
0.0106411874294281 0.06931471824645996 0.015682987868785858 -0.13862943649291992 0.0036363331601023674
0.011357797309756279 0.06931471824645996 0.019771991297602654 -0.13862943649291992 0.0032074786722660065
0.04482139274477959 0.06931471824645996 0.13946941494941711 -0.13862943649291992 0.004322114400565624
0.006723567843437195 0.06931471824645996 0.016854096204042435 -0.13862943649291992 0.0017014166805893183
0.0047086551785469055 0.06931471824645996 0.00624752277508378 -0.13862943649291992 0.003644449170678854
0.00904163345694542 0.06931471824645996 0.014130798168480396 -0.13862943649291992 0.004350001458078623
0.03556489199399948 0.06931471824645996 0.11999260634183884 -0.13862943649291992 0.00462440587580204
0.009220879524946213 0.06931471824645996 0.021967850625514984 -0.13862943649291992 0.003472899319604039
0.006982933729887009 0.06931471824645996 0.012754587456583977 -0.13862943649291992 0.0027013763319700956
0.007132288068532944 0.06931471824645996 0.011862508952617645 -0.13862943649291992 0.0046858834102749825
0.01037643663585186 0.06931471824645996 0.0262889564037323 -0.13862943649291992 0.005071796011179686
0.07872721552848816 0.06931471824645996 0.23565751314163208 -0.13862943649291992 0.006005983799695969
0.013089904561638832 0.06931471824645996 0.020422283560037613 -0.13862943649291992 0.002380293095484376
0.006296377629041672 0.06931471824645996 0.007731450721621513 -0.13862943649291992 0.0047504957765340805
0.012523164972662926 0.06931471824645996 0.025496874004602432 -0.13862943649291992 0.0021806706208735704
0.007550623267889023 0.06931471824645996 0.012404516339302063 -0.13862943649291992 0.0032553074415773153
0.05887265503406525 0.06931471824645996 0.18324962258338928 -0.13862943649291992 0.002397512085735798
0.02005043812096119 0.06931471824645996 0.035591576248407364 -0.13862943649291992 0.0029248546343296766
0.009438525885343552 0.06931471824645996 0.011362994089722633 -0.13862943649291992 0.0024717075284570456
0.009141191840171814 0.06931471824645996 0.014670868404209614 -0.13862943649291992 0.001518211211077869
0.008511647582054138 0.06931471824645996 0.012640903703868389 -0.13862943649291992 0.0029327627271413803
0.018545830622315407 0.06931471824645996 0.0502156987786293 -0.13862943649291992 0.00722295930609107
0.01310151070356369 0.06931471824645996 0.009002216160297394 -0.13862943649291992 0.003944696858525276
0.008821744471788406 0.06931471824645996 0.016242101788520813 -0.13862943649291992 0.004596121609210968
0.005694959312677383 0.06931471824645996 0.010683625936508179 -0.13862943649291992 0.0016531359869986773
0.030182164162397385 0.06931471824645996 0.0538407638669014 -0.13862943649291992 0.004678964614868164
0.010620735585689545 0.06931471824645996 0.014516611583530903 -0.13862943649291992 0.004430247005075216
0.025715060532093048 0.06931471824645996 0.04068053513765335 -0.13862943649291992 0.0024970576632767916
0.016504546627402306 0.06931471824645996 0.02496299333870411 -0.13862943649291992 0.0031391263473778963
0.004869833588600159 0.06931471824645996 0.007236167322844267 -0.13862943649291992 0.0026301108300685883
0.00636276975274086 0.06931471824645996 0.0070408787578344345 -0.13862943649291992 0.0020510065369307995
0.009428642690181732 0.06931471824645996 0.02512737363576889 -0.13862943649291992 0.0019843813497573137
0.008389383554458618 0.06931471824645996 0.02289379946887493 -0.13862943649291992 0.0016246524173766375
0.010800065472722054 0.06931471824645996 0.016837961971759796 -0.13862943649291992 0.0023474094923585653
0.007953986525535583 0.06931471824645996 0.021170858293771744 -0.13862943649291992 0.0015653212321922183
0.018573956564068794 0.06931471824645996 0.029691139236092567 -0.13862943649291992 0.0029995618388056755
0.04771288484334946 0.06931471824645996 0.07930074632167816 -0.13862943649291992 0.0013608563458546996
0.01723511889576912 0.06931471824645996 0.02826930209994316 -0.13862943649291992 0.002211102517321706
0.00998615100979805 0.06931471824645996 0.01510714367032051 -0.13862943649291992 0.004341070540249348
0.05952474847435951 0.06931471824645996 0.12700384855270386 -0.13862943649291992 0.003981118556112051
0.04141391068696976 0.06931471824645996 0.12705282866954803 -0.13862943649291992 0.00331397308036685
0.02237417735159397 0.06931471824645996 0.04255985841155052 -0.13862943649291992 0.003056237241253257
0.03264078125357628 0.06931471824645996 0.06001647189259529 -0.13862943649291992 0.004868822172284126
