0.6394956111907959 0.05137499049305916 1.9486687183380127 -0.09167816489934921 0.06759094446897507
0.18858672678470612 0.06931433826684952 0.30111339688301086 -0.13862867653369904 0.05287092179059982
0.1657850593328476 0.06931459903717041 0.31478801369667053 -0.13862919807434082 0.030408689752221107
0.09366799890995026 0.06931468844413757 0.09534407407045364 -0.13862937688827515 0.030952367931604385
0.08546467125415802 0.06931471079587936 0.0850294679403305 -0.13862942159175873 0.023216940462589264
0.0368792787194252 0.06931471079587936 0.05854928493499756 -0.13862942159175873 0.027837809175252914
0.08377374708652496 0.06931471824645996 0.11789477616548538 -0.13862943649291992 0.015317471697926521
0.05893545597791672 0.06931471824645996 0.06826233863830566 -0.13862943649291992 0.013047562912106514
0.10826922953128815 0.06931471824645996 0.10544265806674957 -0.13862943649291992 0.011255130171775818
0.030507270246744156 0.06931471824645996 0.031306877732276917 -0.13862943649291992 0.020077161490917206
0.013632303103804588 0.06931471824645996 0.01231640949845314 -0.13862943649291992 0.00874079018831253
0.021672893315553665 0.06931471824645996 0.02137930877506733 -0.13862943649291992 0.011133001185953617
0.016295697540044785 0.06931471824645996 0.018298503011465073 -0.13862943649291992 0.006637175567448139
0.026583444327116013 0.06931471824645996 0.026669688522815704 -0.13862943649291992 0.012675276957452297
0.03846757486462593 0.06931471824645996 0.023767631500959396 -0.13862943649291992 0.006744686514139175
0.030614670366048813 0.06931471824645996 0.03528614342212677 -0.13862943649291992 0.008658688515424728
0.04874304309487343 0.06931471824645996 0.033972546458244324 -0.13862943649291992 0.009869682602584362
0.02469351328909397 0.06931471824645996 0.01838570460677147 -0.13862943649291992 0.011171096004545689
0.023385751992464066 0.06931471824645996 0.02149818278849125 -0.13862943649291992 0.006858246400952339
0.013363473117351532 0.06931471824645996 0.021079951897263527 -0.13862943649291992 0.0033465165179222822
0.03202679753303528 0.06931471824645996 0.015050776302814484 -0.13862943649291992 0.0069388216361403465
0.007361996918916702 0.06931471824645996 0.011925705708563328 -0.13862943649291992 0.00786937028169632
0.015570471063256264 0.06931471824645996 0.016889607533812523 -0.13862943649291992 0.005793329793959856
0.032295919954776764 0.06931471824645996 0.033492427319288254 -0.13862943649291992 0.007088924292474985
0.06254507601261139 0.06931471824645996 0.03571736067533493 -0.13862943649291992 0.0034650114830583334
0.010682076215744019 0.06931471824645996 0.010660629719495773 -0.13862943649291992 0.003667805576696992
0.02731197327375412 0.06931471824645996 0.023563433438539505 -0.13862943649291992 0.006264731287956238
0.058449096977710724 0.06931471824645996 0.03380582481622696 -0.13862943649291992 0.0025418405421078205
0.02245797961950302 0.06931471824645996 0.018521754071116447 -0.13862943649291992 0.009239759296178818
0.023104364052414894 0.06931471824645996 0.02465052902698517 -0.13862943649291992 0.0068422239273786545
0.009402137249708176 0.06931471824645996 0.012782135047018528 -0.13862943649291992 0.005972483195364475
0.03944452852010727 0.06931471824645996 0.014495733194053173 -0.13862943649291992 0.005891012027859688
0.017163462936878204 0.06931471824645996 0.010315285995602608 -0.13862943649291992 0.005185170564800501
0.010983865708112717 0.06931471824645996 0.00854544062167406 -0.13862943649291992 0.0040744515135884285
0.03450619429349899 0.06931471824645996 0.020988155156373978 -0.13862943649291992 0.0048658945597708225
0.00838397815823555 0.06931471824645996 0.0076168859377503395 -0.13862943649291992 0.00887574814260006
0.027014615014195442 0.06931471824645996 0.014312036335468292 -0.13862943649291992 0.0031958394683897495
0.014405924826860428 0.06931471824645996 0.020678944885730743 -0.13862943649291992 0.008654605597257614
0.023188116028904915 0.06931471824645996 0.017460238188505173 -0.13862943649291992 0.010314167477190495
0.03589962422847748 0.06931471824645996 0.03534777835011482 -0.13862943649291992 0.005216962657868862
0.00935935229063034 0.06931471824645996 0.015405644662678242 -0.13862943649291992 0.0039903270080685616
0.007566910237073898 0.06931471824645996 0.00451324600726366 -0.13862943649291992 0.0032881591469049454
0.012814454734325409 0.06931471824645996 0.010961249470710754 -0.13862943649291992 0.007843324914574623
0.03643064573407173 0.06931471824645996 0.02351680025458336 -0.13862943649291992 0.005799408070743084
0.025982458144426346 0.06931471824645996 0.027517611160874367 -0.13862943649291992 0.003696591127663851
0.01343342661857605 0.06931471824645996 0.017704667523503304 -0.13862943649291992 0.0037959611508995295
0.009386774152517319 0.06931471824645996 0.011919867247343063 -0.13862943649291992 0.002204969059675932
0.0173872672021389 0.06931471824645996 0.013569389469921589 -0.13862943649291992 0.004072483163326979
0.012681454420089722 0.06931471824645996 0.001061287708580494 -0.13862943649291992 0.00589274475350976
0.008622027933597565 0.06931471824645996 0.01307600736618042 -0.13862943649291992 0.003100902773439884
0.03142084553837776 0.06931471824645996 0.02363145723938942 -0.13862943649291992 0.004001402296125889
0.021120261400938034 0.06931471824645996 0.018500689417123795 -0.13862943649291992 0.003409839002415538
0.007885128259658813 0.06931471824645996 0.009833171963691711 -0.13862943649291992 0.004338876344263554
0.008413765579462051 0.06931471824645996 0.014434916898608208 -0.13862943649291992 0.00145492865704
0.008397679775953293 0.06931471824645996 0.005978303030133247 -0.13862943649291992 0.00512786814942956
0.02201000228524208 0.06931471824645996 0.03564160317182541 -0.13862943649291992 0.00773870013654232
0.006365131586790085 0.06931471824645996 0.005264607723802328 -0.13862943649291992 0.006447190418839455
0.014026615768671036 0.06931471824645996 0.01774156093597412 -0.13862943649291992 0.0018773453775793314
0.00982147641479969 0.06931471824645996 0.01620933599770069 -0.13862943649291992 0.005039282608777285
0.006573531776666641 0.06931471824645996 0.007214423269033432 -0.13862943649291992 0.003173857694491744
0.013639610260725021 0.06931471824645996 0.020101327449083328 -0.13862943649291992 0.0036394111812114716
0.00802837684750557 0.06931471824645996 0.011531993746757507 -0.13862943649291992 0.0038054094184190035
0.013238469138741493 0.06931471824645996 0.020184610038995743 -0.13862943649291992 0.004026963375508785
0.037512119859457016 0.06931471824645996 0.02329627238214016 -0.13862943649291992 0.004609555006027222
0.02022465318441391 0.06931471824645996 0.017028367146849632 -0.13862943649291992 0.004286420997232199
0.01749274879693985 0.06931471824645996 0.016482839360833168 -0.13862943649291992 0.004693948198109865
0.010582240298390388 0.06931471824645996 0.009325124323368073 -0.13862943649291992 0.004691730253398418
0.017128536477684975 0.06931471824645996 0.020485181361436844 -0.13862943649291992 0.00413284869864583
0.00653780996799469 0.06931471824645996 0.008861623704433441 -0.13862943649291992 0.0037629390135407448
0.03499305993318558 0.06931471824645996 0.039215169847011566 -0.13862943649291992 0.004916282370686531
0.0063396356999874115 0.06931471824645996 0.008985832333564758 -0.13862943649291992 0.00409104535356164
0.024087924510240555 0.06931471824645996 0.02784024178981781 -0.13862943649291992 0.0023689770605415106
0.009110763669013977 0.06931471824645996 0.008769366890192032 -0.13862943649291992 0.003880244679749012
0.005693152546882629 0.06931471824645996 0.005309410858899355 -0.13862943649291992 0.0031592310406267643
0.020025286823511124 0.06931471824645996 0.006328660063445568 -0.13862943649291992 0.004190651699900627
0.009200302883982658 0.06931471824645996 0.010915925726294518 -0.13862943649291992 0.004379880614578724
0.01170697994530201 0.06931471824645996 0.013705145567655563 -0.13862943649291992 0.005606432445347309
0.006613586097955704 0.06931471824645996 0.008313518017530441 -0.13862943649291992 0.003294443478807807
0.017184775322675705 0.06931471824645996 0.019776159897446632 -0.13862943649291992 0.003828364424407482
0.007981464266777039 0.06931471824645996 0.007845909334719181 -0.13862943649291992 0.002492072992026806
0.00812264159321785 0.06931471824645996 0.008535652421414852 -0.13862943649291992 0.003910391591489315
0.01647382788360119 0.06931471824645996 0.0031961388885974884 -0.13862943649291992 0.006616042926907539
0.011474568396806717 0.06931471824645996 0.01621144451200962 -0.13862943649291992 0.004474143963307142
0.010718943551182747 0.06931471824645996 0.017513088881969452 -0.13862943649291992 0.0060682641342282295
0.00975978747010231 0.06931471824645996 0.010473759844899178 -0.13862943649291992 0.006174557842314243
0.0072400569915771484 0.06931471824645996 0.008780186995863914 -0.13862943649291992 0.00430653803050518
0.008911758661270142 0.06931471824645996 0.009164562448859215 -0.13862943649291992 0.0017801568610593677
0.016063082963228226 0.06931471824645996 0.01799960806965828 -0.13862943649291992 0.002645394066348672
0.03090624511241913 0.06931471824645996 0.020862195640802383 -0.13862943649291992 0.002594803925603628
0.007015008479356766 0.06931471824645996 0.008869519457221031 -0.13862943649291992 0.0036252413410693407
0.050600744783878326 0.06931471824645996 0.030546175315976143 -0.13862943649291992 0.0033499272540211678
0.02076559141278267 0.06931471824645996 0.010265056975185871 -0.13862943649291992 0.002687307773157954
0.014159878715872765 0.06931471824645996 0.014017279259860516 -0.13862943649291992 0.0015742602990940213
0.009353317320346832 0.06931471824645996 0.007630868814885616 -0.13862943649291992 0.009948497638106346
0.010746639221906662 0.06931471824645996 0.010780096054077148 -0.13862943649291992 0.0038026096299290657
0.009666729718446732 0.06931471824645996 0.00833695288747549 -0.13862943649291992 0.008685163222253323
0.008180536329746246 0.06931471824645996 0.010446537286043167 -0.13862943649291992 0.001977011561393738
0.017260899767279625 0.06931471824645996 0.01877438835799694 -0.13862943649291992 0.0048350682482123375
0.006525374948978424 0.06931471824645996 0.005516990087926388 -0.13862943649291992 0.005720079410821199
0.007981028407812119 0.06931471824645996 0.012598365545272827 -0.13862943649291992 0.0028481041081249714
0.04870592802762985 0.06931471824645996 0.03761962428689003 -0.13862943649291992 0.004463721066713333
0.012997057288885117 0.06931471824645996 0.02096135914325714 -0.13862943649291992 0.002247640397399664
0.01799757033586502 0.06931471824645996 0.014241581782698631 -0.13862943649291992 0.002588061848655343
0.009579652920365334 0.06931471824645996 0.010246187448501587 -0.13862943649291992 0.004285978153347969
0.04795605689287186 0.06931471824645996 0.0320199616253376 -0.13862943649291992 0.004965831991285086
0.03479451313614845 0.06931471824645996 0.01573093794286251 -0.13862943649291992 0.00609420333057642
0.030652156099677086 0.06931471824645996 0.01278061605989933 -0.13862943649291992 0.004962865728884935
0.016293222084641457 0.06931471824645996 0.03449070826172829 -0.13862943649291992 0.0026476236525923014
0.02877279371023178 0.06931471824645996 0.025419853627681732 -0.13862943649291992 0.0019251551711931825
0.004982277750968933 0.06931471824645996 0.0070045217871665955 -0.13862943649291992 0.0021649159025400877
0.01626986265182495 0.06931471824645996 0.011123009026050568 -0.13862943649291992 0.003930461127310991
0.023897867649793625 0.06931471824645996 0.01606886088848114 -0.13862943649291992 0.005576019641011953
0.02865561842918396 0.06931471824645996 0.012572847306728363 -0.13862943649291992 0.002908972091972828
0.011413438245654106 0.06931471824645996 0.01570369303226471 -0.13862943649291992 0.0055128103122115135
0.0256601944565773 0.06931471824645996 0.018886588513851166 -0.13862943649291992 0.003657042980194092
0.006126224994659424 0.06931471824645996 0.010433290153741837 -0.13862943649291992 0.0034034661948680878
0.010506471619009972 0.06931471824645996 0.012820692732930183 -0.13862943649291992 0.0014252220280468464
0.010128898546099663 0.06931471824645996 0.011411825194954872 -0.13862943649291992 0.002004903508350253
0.009446568787097931 0.06931471824645996 0.003864031285047531 -0.13862943649291992 0.008256606757640839
0.022101882845163345 0.06931471824645996 0.03547714278101921 -0.13862943649291992 0.003594690700992942
0.012759098783135414 0.06931471824645996 0.011188706383109093 -0.13862943649291992 0.004266348667442799
0.007574010640382767 0.06931471824645996 0.013148188591003418 -0.13862943649291992 0.00222922395914793
0.014501480385661125 0.06931471824645996 0.01564740017056465 -0.13862943649291992 0.0060393232852220535
0.011547712609171867 0.06931471824645996 0.009293134324252605 -0.13862943649291992 0.0024418365210294724
0.009417567402124405 0.06931471824645996 0.01527298241853714 -0.13862943649291992 0.0040918742306530476
0.010240282863378525 0.06931471824645996 0.012167587876319885 -0.13862943649291992 0.002479356713593006
0.00509079173207283 0.06931471824645996 0.010389776900410652 -0.13862943649291992 0.0037040566094219685
0.006905984133481979 0.06931471824645996 0.0051162769086658955 -0.13862943649291992 0.003941706381738186
0.013288674876093864 0.06931471824645996 0.008266033604741096 -0.13862943649291992 0.008942019194364548
0.01261005736887455 0.06931471824645996 0.021237624809145927 -0.13862943649291992 0.005171683616936207
0.007124628871679306 0.06931471824645996 0.008450206369161606 -0.13862943649291992 0.004760954529047012
0.010352855548262596 0.06931471824645996 0.012212725356221199 -0.13862943649291992 0.0032792645506560802
0.009471528232097626 0.06931471824645996 0.010017063468694687 -0.13862943649291992 0.0032107962761074305
0.035652514547109604 0.06931471824645996 0.054671760648489 -0.13862943649291992 0.002215481363236904
0.005720213055610657 0.06931471824645996 0.004196961876004934 -0.13862943649291992 0.003753555240109563
0.0059382133185863495 0.06931471824645996 0.0038048941642045975 -0.13862943649291992 0.0046137478202581406
0.031755294650793076 0.06931471824645996 0.039175815880298615 -0.13862943649291992 0.0024193497374653816
0.009910773485898972 0.06931471824645996 0.009170779958367348 -0.13862943649291992 0.005853363312780857
0.042750220745801926 0.06931471824645996 0.03371603041887283 -0.13862943649291992 0.005434601567685604
0.008203303441405296 0.06931471824645996 0.009821748360991478 -0.13862943649291992 0.005293766036629677
0.007036712020635605 0.06931471824645996 0.009332992136478424 -0.13862943649291992 0.0025634565390646458
0.007129807025194168 0.06931471824645996 0.014103390276432037 -0.13862943649291992 0.004343842621892691
0.009688124060630798 0.06931471824645996 0.012270161882042885 -0.13862943649291992 0.003683080431073904
0.005986157804727554 0.06931471824645996 0.006401958875358105 -0.13862943649291992 0.003540053963661194
0.02074754424393177 0.06931471824645996 0.03757418692111969 -0.13862943649291992 0.0016615925123915076
0.00907197967171669 0.06931471824645996 0.010275773704051971 -0.13862943649291992 0.0041376096196472645
0.009768245741724968 0.06931471824645996 0.013577528297901154 -0.13862943649291992 0.0019091678550466895
0.011442702263593674 0.06931471824645996 0.013193616643548012 -0.13862943649291992 0.0025433588307350874
0.023485766723752022 0.06931471824645996 0.016350220888853073 -0.13862943649291992 0.001854554284363985
0.03192352503538132 0.06931471824645996 0.036638882011175156 -0.13862943649291992 0.0039701927453279495
0.06879828870296478 0.06931471824645996 0.08134392648935318 -0.13862943649291992 0.003605735022574663
0.009371373802423477 0.06931471824645996 0.013618668541312218 -0.13862943649291992 0.0021005477756261826
0.007584001868963242 0.06931471824645996 0.007789094001054764 -0.13862943649291992 0.0015757926739752293
0.004815462976694107 0.06931471824645996 0.0034734681248664856 -0.13862943649291992 0.0031246906146407127
0.03605942055583 0.06931471824645996 0.027620995417237282 -0.13862943649291992 0.002870340831577778
0.011318488046526909 0.06931471824645996 0.01008661836385727 -0.13862943649291992 0.0027883851435035467
0.053931910544633865 0.06931471824645996 0.038145288825035095 -0.13862943649291992 0.003029131330549717
0.01021895557641983 0.06931471824645996 0.008231010288000107 -0.13862943649291992 0.006425178609788418
0.022902557626366615 0.06931471824645996 0.01994703896343708 -0.13862943649291992 0.004013479687273502
0.007926929742097855 0.06931471824645996 0.0020768381655216217 -0.13862943649291992 0.006885361857712269
0.007128506898880005 0.06931471824645996 0.005668994039297104 -0.13862943649291992 0.0045137000270187855
0.023119274526834488 0.06931471824645996 0.02906052954494953 -0.13862943649291992 0.007386626210063696
0.00815044716000557 0.06931471824645996 0.00965829472988844 -0.13862943649291992 0.004083703272044659
0.029725510627031326 0.06931471824645996 0.022010302171111107 -0.13862943649291992 0.002086977707222104
0.010353416204452515 0.06931471824645996 0.006602920591831207 -0.13862943649291992 0.0017287272494286299
0.008298218250274658 0.06931471824645996 0.013503561727702618 -0.13862943649291992 0.0027460423298180103
0.008785128593444824 0.06931471824645996 0.00815025344491005 -0.13862943649291992 0.006654205732047558
0.009770900011062622 0.06931471824645996 0.01441352441906929 -0.13862943649291992 0.003736720886081457
0.007781568914651871 0.06931471824645996 0.006637059152126312 -0.13862943649291992 0.002460700925439596
0.007139019668102264 0.06931471824645996 0.01104181632399559 -0.13862943649291992 0.0035354478750377893
0.030895324423909187 0.06931471824645996 0.02788762003183365 -0.13862943649291992 0.004309557378292084
0.019155940040946007 0.06931471824645996 0.01062177773565054 -0.13862943649291992 0.0037779295817017555
0.007427707314491272 0.06931471824645996 0.005364278797060251 -0.13862943649291992 0.007761111482977867
0.009313061833381653 0.06931471824645996 0.007484725676476955 -0.13862943649291992 0.004669068846851587
0.012249406427145004 0.06931471824645996 0.013008015230298042 -0.13862943649291992 0.005008215084671974
0.010392652824521065 0.06931471824645996 0.012286254204809666 -0.13862943649291992 0.002155494410544634
0.025280198082327843 0.06931471824645996 0.018268650397658348 -0.13862943649291992 0.0049519785679876804
0.007031921297311783 0.06931471824645996 0.009552584029734135 -0.13862943649291992 0.002392958616837859
0.009984971955418587 0.06931471824645996 0.011475280858576298 -0.13862943649291992 0.0029459998477250338
0.012463048100471497 0.06931471824645996 0.01659126579761505 -0.13862943649291992 0.002491729101166129
0.015306180343031883 0.06931471824645996 0.02259121835231781 -0.13862943649291992 0.001987661002203822
0.007827077060937881 0.06931471824645996 0.010907644405961037 -0.13862943649291992 0.004151323810219765
0.06329269707202911 0.06931471824645996 0.05172782763838768 -0.13862943649291992 0.0022830425295978785
0.00827879086136818 0.06931471824645996 0.00893542543053627 -0.13862943649291992 0.0030698380433022976
0.01223871111869812 0.06931471824645996 0.012021257542073727 -0.13862943649291992 0.0067513794638216496
0.007810171693563461 0.06931471824645996 0.008596488274633884 -0.13862943649291992 0.002380309160798788
0.004931312054395676 0.06931471824645996 0.00863787904381752 -0.13862943649291992 0.0019260908011347055
0.04034537076950073 0.06931471824645996 0.04341698810458183 -0.13862943649291992 0.004466780461370945
0.007394522428512573 0.06931471824645996 0.008960139006376266 -0.13862943649291992 0.005405297502875328
0.015597254037857056 0.06931471824645996 0.019886020570993423 -0.13862943649291992 0.004733857698738575
0.009549997746944427 0.06931471824645996 0.02045750990509987 -0.13862943649291992 0.0031559583730995655
0.005507368594408035 0.06931471824645996 0.007405485492199659 -0.13862943649291992 0.003028297796845436
0.0060915760695934296 0.06931471824645996 0.0035140030086040497 -0.13862943649291992 0.0033664435613900423
0.011270232498645782 0.06931471824645996 0.014186456799507141 -0.13862943649291992 0.005640236660838127
0.052147239446640015 0.06931471824645996 0.06578803062438965 -0.13862943649291992 0.0021761576645076275
0.007596220821142197 0.06931471824645996 0.011014265939593315 -0.13862943649291992 0.0027302075177431107
0.006275296211242676 0.06931471824645996 0.007469488773494959 -0.13862943649291992 0.004583202302455902
0.010539427399635315 0.06931471824645996 0.016036376357078552 -0.13862943649291992 0.005278828553855419
0.03873489052057266 0.06931471824645996 0.07416397333145142 -0.13862943649291992 0.002886720933020115
0.014926930889487267 0.06931471824645996 0.011426658369600773 -0.13862943649291992 0.002387324580922723
0.014326844364404678 0.06931471824645996 0.0072598811239004135 -0.13862943649291992 0.005612445995211601
0.005991201847791672 0.06931471824645996 0.006974829360842705 -0.13862943649291992 0.001690770499408245
0.008508019149303436 0.06931471824645996 0.012600582093000412 -0.13862943649291992 0.004774624016135931
0.022935518994927406 0.06931471824645996 0.03195636346936226 -0.13862943649291992 0.0029119430109858513
0.019351409748196602 0.06931471824645996 0.015398076735436916 -0.13862943649291992 0.003716487903147936
0.005035948008298874 0.06931471824645996 0.004336858633905649 -0.13862943649291992 0.002914274809882045
0.05326268449425697 0.06931471824645996 0.0672377422451973 -0.13862943649291992 0.004874735604971647
0.019316837191581726 0.06931471824645996 0.024251699447631836 -0.13862943649291992 0.0017305975779891014
0.06517279148101807 0.06931471824645996 0.03993765637278557 -0.13862943649291992 0.002280566841363907
0.02623964473605156 0.06931471824645996 0.03814107924699783 -0.13862943649291992 0.006015800405293703
0.014346331357955933 0.06931471824645996 0.01009605173021555 -0.13862943649291992 0.004062606953084469
0.006699658930301666 0.06931471824645996 0.015576369129121304 -0.13862943649291992 0.0029865175019949675
0.006717462092638016 0.06931471824645996 0.009341247379779816 -0.13862943649291992 0.0026770951226353645
0.01578344963490963 0.06931471824645996 0.027842845767736435 -0.13862943649291992 0.0031689591705799103
0.007855568081140518 0.06931471824645996 0.00717911496758461 -0.13862943649291992 0.0033674403093755245
0.010999303311109543 0.06931471824645996 0.010365519672632217 -0.13862943649291992 0.006317032501101494
0.006415914744138718 0.06931471824645996 0.005261903163045645 -0.13862943649291992 0.0036396316718310118
0.026288658380508423 0.06931471824645996 0.03256240114569664 -0.13862943649291992 0.0035578443203121424
0.007641389966011047 0.06931471824645996 0.010483896359801292 -0.13862943649291992 0.00448542321100831
0.02088511921465397 0.06931471824645996 0.027903204783797264 -0.13862943649291992 0.003086826764047146
0.017827119678258896 0.06931471824645996 0.01300103310495615 -0.13862943649291992 0.0013355623232200742
0.0053909458220005035 0.06931471824645996 0.007634255103766918 -0.13862943649291992 0.0033179258462041616
0.006270173937082291 0.06931471824645996 0.004129283130168915 -0.13862943649291992 0.004699980840086937
0.010541561990976334 0.06931471824645996 0.012763328850269318 -0.13862943649291992 0.0029195272363722324
0.020794209092855453 0.06931471824645996 0.02270353026688099 -0.13862943649291992 0.0011135861277580261
0.009312417358160019 0.06931471824645996 0.007004418410360813 -0.13862943649291992 0.004699775483459234
0.00782724842429161 0.06931471824645996 0.005009057000279427 -0.13862943649291992 0.003336277324706316
0.013353578746318817 0.06931471824645996 0.011822618544101715 -0.13862943649291992 0.0017791035352274776
0.06438148766756058 0.06931471824645996 0.02890533208847046 -0.13862943649291992 0.0033457765821367502
0.01878204010426998 0.06931471824645996 0.019243642687797546 -0.13862943649291992 0.0036156929563730955
0.010700700804591179 0.06931471824645996 0.009883992373943329 -0.13862943649291992 0.005049168132245541
0.03340976685285568 0.06931471824645996 0.037134137004613876 -0.13862943649291992 0.0019874919671565294
0.01691034995019436 0.06931471824645996 0.021204829216003418 -0.13862943649291992 0.0017121888231486082
0.022040575742721558 0.06931471824645996 0.021139174699783325 -0.13862943649291992 0.006928291637450457
0.03727330267429352 0.06931471824645996 0.025226451456546783 -0.13862943649291992 0.007839270867407322
