1.0563805103302002 0.07045021653175354 -1.4091224670410156 -0.12649975717067719 0.08163952082395554
0.13911069929599762 0.06979655474424362 -28.975351333618164 -0.1468922346830368 0.04558313265442848
0.17376509308815002 0.06953340768814087 -30.641010284423828 -0.14496278762817383 0.03707322105765343
0.08399422466754913 0.06937312334775925 -32.29557800292969 -0.14474791288375854 0.04136110842227936
0.14173442125320435 0.06935197114944458 -32.98733901977539 -0.14463016390800476 0.01647467538714409
0.0701177641749382 0.06935679912567139 -32.968170166015625 -0.14476552605628967 0.019550003111362457
0.11646737903356552 0.06932728737592697 -32.97349166870117 -0.14495447278022766 0.02192666195333004
0.12187384068965912 0.06931742280721664 -32.872554779052734 -0.14498001337051392 0.017223507165908813
0.18047530949115753 0.06931723654270172 -32.88969802856445 -0.14500875771045685 0.018150756135582924
0.12355691939592361 0.06931543350219727 -33.948638916015625 -0.14494310319423676 0.020113682374358177
0.059308651834726334 0.0693151131272316 -34.659488677978516 -0.14494375884532928 0.02231009677052498
0.05717770382761955 0.06931460648775101 -34.89224624633789 -0.14492355287075043 0.019075773656368256
0.031177334487438202 0.06931444257497787 -34.687294006347656 -0.1449311077594757 0.008414387702941895
0.10860501974821091 0.06931445747613907 -34.12568664550781 -0.1449187695980072 0.013732905499637127
0.057088837027549744 0.06931448727846146 -34.79758071899414 -0.1449013203382492 0.011893268674612045
0.08242844045162201 0.06931450217962265 -34.79563903808594 -0.14490018784999847 0.007398683112114668
0.09731654822826385 0.06931450217962265 -35.10274887084961 -0.14488819241523743 0.0065839774906635284
0.059971511363983154 0.06931454688310623 -35.52907180786133 -0.14488670229911804 0.006867571733891964
0.22424770891666412 0.06931456178426743 -34.73832702636719 -0.14488239586353302 0.021933570504188538
0.09345938265323639 0.06931457668542862 -34.540924072265625 -0.1448787897825241 0.01137852668762207
0.13050271570682526 0.06931457668542862 -35.331642150878906 -0.14487788081169128 0.01028361450880766
0.06411140412092209 0.06931459158658981 -34.9234733581543 -0.14487531781196594 0.0073487041518092155
0.04356422647833824 0.06931459903717041 -34.63951110839844 -0.14487314224243164 0.01936415024101734
0.09329632669687271 0.0693146139383316 -34.7701530456543 -0.14487099647521973 0.014856570400297642
0.17174294590950012 0.0693146139383316 -34.649044036865234 -0.14486899971961975 0.021241795271635056
0.032965559512376785 0.0693146213889122 -35.58517074584961 -0.14486847817897797 0.019257772713899612
0.07223270833492279 0.0693146213889122 -35.622161865234375 -0.14486654102802277 0.004985219798982143
0.10957649350166321 0.0693146362900734 -34.85591125488281 -0.14486467838287354 0.02054661139845848
0.04854782670736313 0.0693146362900734 -35.30019760131836 -0.14486277103424072 0.016177881509065628
0.08048724383115768 0.06931465119123459 -34.94806671142578 -0.1448609083890915 0.012928608804941177
0.039006929844617844 0.06931465119123459 -34.80390548706055 -0.1448603719472885 0.008635098114609718
0.10811691731214523 0.06931465119123459 -35.51613998413086 -0.1448584794998169 0.01687595620751381
0.06242019310593605 0.06931465864181519 -34.368247985839844 -0.14485657215118408 0.009670862928032875
0.03274329751729965 0.06931466609239578 -34.950462341308594 -0.14485469460487366 0.014046921394765377
0.16792796552181244 0.06931467354297638 -34.94398498535156 -0.14485278725624084 0.017941631376743317
0.04436571151018143 0.06931467354297638 -34.90179443359375 -0.14485220611095428 0.01600547507405281
0.033195093274116516 0.06931468099355698 -35.32323455810547 -0.14485032856464386 0.01646261475980282
0.028673678636550903 0.06931468099355698 -34.99462127685547 -0.14484839141368866 0.0075399382039904594
0.03904056176543236 0.06931468844413757 -35.66922378540039 -0.14484651386737823 0.0030307210981845856
0.06054040417075157 0.06931468844413757 -35.49176025390625 -0.1448446363210678 0.017567288130521774
0.052069686353206635 0.06931468844413757 -35.63008117675781 -0.14484409987926483 0.019490934908390045
0.023332199081778526 0.06931468844413757 -35.121620178222656 -0.1448422372341156 0.012689071707427502
0.025783443823456764 0.06931470334529877 -35.11913299560547 -0.14484041929244995 0.004793258383870125
