0.6396240592002869 0.07623689621686935 -4.562906265258789 -0.15095405280590057 0.09536518156528473
0.12663517892360687 0.06944047659635544 -32.39942932128906 -0.14563269913196564 0.03101029060781002
0.1591186374425888 0.06932526081800461 -32.25982666015625 -0.14517918229103088 0.02450699359178543
0.07659468799829483 0.06931700557470322 -33.628055572509766 -0.14526520669460297 0.023352235555648804
0.06476522982120514 0.0693109780550003 -34.775306701660156 -0.14526169002056122 0.0066014425829052925
0.055900391191244125 0.0693112164735794 -34.302799224853516 -0.14522846043109894 0.017044059932231903
0.10559943318367004 0.06930869072675705 -34.67075729370117 -0.14522825181484222 0.014071764424443245
0.03911851719021797 0.06930973380804062 -35.05982208251953 -0.1452013999223709 0.013356896117329597
0.06687812507152557 0.06931116431951523 -34.56903839111328 -0.14512859284877777 0.011224018409848213
0.017414923757314682 0.06931249052286148 -34.72752380371094 -0.14506618678569794 0.008008740842342377
0.03361693024635315 0.06931272894144058 -34.592201232910156 -0.14505071938037872 0.005719561129808426
0.010246657766401768 0.06931330263614655 -34.958412170410156 -0.1450132578611374 0.00922076590359211
0.01098425593227148 0.06931362301111221 -34.90882110595703 -0.1449914276599884 0.01163543201982975
0.025022748857736588 0.06931381672620773 -34.997554779052734 -0.1449742168188095 0.008788815699517727
0.019077928736805916 0.06931395828723907 -34.64204406738281 -0.14496195316314697 0.007628734223544598
0.06347683072090149 0.06931399554014206 -35.07007598876953 -0.14495868980884552 0.005256486590951681
0.036776669323444366 0.06931408494710922 -35.0433464050293 -0.14494900405406952 0.003001041943207383
0.009425352327525616 0.06931417435407639 -34.865543365478516 -0.14494065940380096 0.004004613030701876
0.08974803984165192 0.06931423395872116 -34.98286819458008 -0.1449326127767563 0.005583830643445253
0.04490335285663605 0.06931429356336594 -34.9464111328125 -0.1449250429868698 0.002950996393337846
0.03166544437408447 0.06931431591510773 -35.20372009277344 -0.1449228823184967 0.007576133124530315
0.011355096474289894 0.06931436061859131 -35.0247917175293 -0.1449156105518341 0.00805688090622425
0.013548336923122406 0.06931441277265549 -34.584110260009766 -0.14490853250026703 0.0038858551997691393
0.03657962381839752 0.06931445747613907 -35.068260192871094 -0.1449015885591507 0.003965356387197971
0.054218899458646774 0.06931449472904205 -34.5335693359375 -0.14489483833312988 0.00610449630767107
0.010335057973861694 0.06931450963020325 -35.31330871582031 -0.14489291608333588 0.0034841415472328663
0.026777099817991257 0.06931453943252563 -34.92985534667969 -0.14488640427589417 0.005411199759691954
0.06831327825784683 0.06931457668542862 -35.04882049560547 -0.14488013088703156 0.00426594540476799
0.03256378695368767 0.06931459158658981 -34.69422149658203 -0.14487409591674805 0.00402859365567565
0.0419161356985569 0.0693146213889122 -35.20984649658203 -0.14486829936504364 0.002846638672053814
0.008435247465968132 0.0693146362900734 -35.31855773925781 -0.1448667049407959 0.0024894995149224997
0.09059491008520126 0.06931464374065399 -34.60242462158203 -0.14486132562160492 0.00225410470739007
0.043547622859478 0.06931465864181519 -35.03215026855469 -0.14485624432563782 0.0020258608274161816
0.006079250946640968 0.06931468099355698 -35.33219909667969 -0.14485149085521698 0.001527293585240841
0.02386055700480938 0.06931468099355698 -34.809024810791016 -0.1448470652103424 0.004898890387266874
0.02390115335583687 0.06931468099355698 -35.42997741699219 -0.1448458433151245 0.0025244378484785557
0.010079173371195793 0.06931469589471817 -34.988677978515625 -0.14484187960624695 0.0019179144874215126
0.005624499171972275 0.06931470334529877 -34.83588409423828 -0.14483824372291565 0.00418041693046689
0.020481493324041367 0.06931470334529877 -34.79734420776367 -0.1448349505662918 0.005980530753731728
0.03807365149259567 0.06931471079587936 -34.73289489746094 -0.14483200013637543 0.0036584758199751377
0.004903858527541161 0.06931471079587936 -35.01050567626953 -0.14483119547367096 0.0040267943404614925
0.004405815154314041 0.06931471079587936 -34.8446044921875 -0.144828662276268 0.0033734317403286695
0.003947559744119644 0.06931471824645996 -34.82689666748047 -0.14482642710208893 0.006657306104898453
0.018342435359954834 0.06931471079587936 -34.775634765625 -0.14482448995113373 0.0053170472383499146
0.021070022135972977 0.06931471079587936 -34.53306198120117 -0.14482279121875763 0.003756321966648102
0.011655623093247414 0.06931471079587936 -34.67551803588867 nan nan
