0.6395351886749268 0.07385944575071335 5.327243804931641 -0.14956726133823395 0.10221769660711288
0.20018862187862396 0.0694546028971672 0.617508053779602 -0.13878412544727325 0.037854038178920746
0.14189769327640533 0.06932701915502548 0.36863893270492554 -0.1386653631925583 0.01935909315943718
0.101467564702034 0.06931737810373306 0.34946921467781067 -0.13863050937652588 0.018717877566814423
0.09285056591033936 0.06931556761264801 0.28586629033088684 -0.13862966001033783 0.01896730251610279
0.03528805449604988 0.0693143978714943 0.07863229513168335 -0.13862834870815277 0.013768854551017284
0.09218443930149078 0.06931432336568832 0.20673511922359467 -0.13862840831279755 0.01417001336812973
0.04626194015145302 0.06931441277265549 0.11227191239595413 -0.13862882554531097 0.010449644178152084
0.10629583895206451 0.06931453198194504 0.33721691370010376 -0.13862906396389008 0.014816293492913246
0.0346115380525589 0.06931459158658981 0.10645724833011627 -0.13862918317317963 0.007701952941715717
0.023856431245803833 0.06931459158658981 0.07836547493934631 -0.13862918317317963 0.0033598176669329405
0.018445223569869995 0.0693146139383316 0.05151442438364029 -0.1386292278766632 0.00569778261706233
0.018017373979091644 0.0693146213889122 0.04113078489899635 -0.1386292427778244 0.006864318624138832
0.043891724199056625 0.0693146362900734 0.101224884390831 -0.1386292725801468 0.00556147051975131
0.02450958825647831 0.06931464374065399 0.05161059647798538 -0.13862928748130798 0.008477656170725822
0.032385483384132385 0.06931465119123459 0.06358177959918976 -0.13862930238246918 0.0061369966715574265
0.023379184305667877 0.06931465119123459 0.05897399038076401 -0.13862930238246918 0.00956856831908226
0.021775100380182266 0.06931465864181519 0.09052794426679611 -0.13862931728363037 0.00678009120747447
0.058490727096796036 0.06931466609239578 0.15759631991386414 -0.13862933218479156 0.007789004594087601
0.02484838292002678 0.06931467354297638 0.04851561039686203 -0.13862934708595276 0.005025641992688179
0.029705021530389786 0.06931468099355698 0.06787551939487457 -0.13862936198711395 0.00714222714304924
0.012061918154358864 0.06931468099355698 0.023055415600538254 -0.13862936198711395 0.0026300791651010513
0.009938277304172516 0.06931468844413757 0.022674383595585823 -0.13862936198711395 0.005318969488143921
0.014964466914534569 0.06931469589471817 0.031454648822546005 -0.13862939178943634 0.0069359829649329185
0.04878823459148407 0.06931469589471817 0.1721305549144745 -0.13862939178943634 0.008248556405305862
0.015389587730169296 0.06931469589471817 0.04538381099700928 -0.13862939178943634 0.009858233854174614
0.02379179745912552 0.06931470334529877 0.08624502271413803 -0.13862939178943634 0.004416950047016144
0.0359903983771801 0.06931471079587936 0.1020282730460167 -0.13862940669059753 0.00596105121076107
0.022840509191155434 0.06931471079587936 0.07312905043363571 -0.13862942159175873 0.005610167980194092
0.02432342618703842 0.06931471079587936 0.09328949451446533 -0.13862942159175873 0.007887840270996094
0.011200882494449615 0.06931471079587936 0.03186287358403206 -0.13862942159175873 0.003192479256540537
0.08881739526987076 0.06931471079587936 0.22644875943660736 -0.13862942159175873 0.004858603700995445
0.020900407806038857 0.06931471079587936 0.06571975350379944 -0.13862942159175873 0.004612891934812069
0.01284235343337059 0.06931471079587936 0.036301400512456894 -0.13862943649291992 0.004737221170216799
0.043129999190568924 0.06931471824645996 0.11847863346338272 -0.13862943649291992 0.003940877970308065
0.02368815988302231 0.06931471824645996 0.05440910533070564 -0.13862943649291992 0.007677970454096794
0.013321660459041595 0.06931471079587936 0.032913848757743835 -0.13862942159175873 0.006597890052944422
0.019681153818964958 0.06931471079587936 0.030096255242824554 -0.13862942159175873 0.0036056493408977985
0.012559089809656143 0.06931471824645996 0.019921349361538887 -0.13862942159175873 0.0049409642815589905
0.03326486051082611 0.06931471079587936 0.06301945447921753 -0.13862943649291992 0.007111379876732826
0.010089419782161713 0.06931471824645996 0.02227531187236309 -0.13862943649291992 0.0030877776443958282
0.007884714752435684 0.06931471824645996 0.016580764204263687 -0.13862943649291992 0.0053818440064787865
0.021562892943620682 0.06931471824645996 0.06565060466527939 -0.13862943649291992 0.0032898280769586563
0.035451821982860565 0.06931471824645996 0.12712322175502777 -0.13862943649291992 0.003071065992116928
0.017599646002054214 0.06931471824645996 0.03839597851037979 -0.13862943649291992 0.004815344233065844
0.013878408819437027 0.06931471824645996 0.022242361679673195 -0.13862943649291992 0.005639050155878067
0.01181616447865963 0.06931471824645996 0.030277317389845848 -0.13862943649291992 0.0056778984144330025
0.01417149230837822 0.06931471824645996 0.0327414870262146 -0.13862943649291992 0.0049842107109725475
0.030586030334234238 0.06931471824645996 0.06525750458240509 -0.13862943649291992 0.006323482841253281
0.016066573560237885 0.06931471824645996 0.02338418923318386 -0.13862943649291992 0.007646095938980579
0.03205345943570137 0.06931471824645996 0.04915713146328926 -0.13862943649291992 0.0039414819329977036
0.007005121558904648 0.06931471824645996 0.013808335177600384 -0.13862943649291992 0.003761208150535822
0.01139485090970993 0.06931471824645996 0.023522090166807175 -0.13862943649291992 0.0029910877346992493
0.013438688591122627 0.06931471824645996 0.0750495120882988 -0.13862943649291992 0.006430820561945438
0.009341813623905182 0.06931471824645996 0.012043217197060585 -0.13862943649291992 0.004224815871566534
0.023557983338832855 0.06931471824645996 0.042181964963674545 -0.13862943649291992 0.005397644825279713
0.008252611383795738 0.06931471824645996 0.016851788386702538 -0.13862943649291992 0.0030508460476994514
0.01419246569275856 0.06931471824645996 0.0257318913936615 -0.13862943649291992 0.003467441536486149
0.009142650291323662 0.06931471824645996 0.02147075906395912 -0.13862943649291992 0.0037154615856707096
0.01818491891026497 0.06931471824645996 0.03725026547908783 -0.13862943649291992 0.0036007072776556015
0.010526172816753387 0.06931471824645996 0.03454021364450455 -0.13862943649291992 0.004839572589844465
0.01423363946378231 0.06931471824645996 0.017862942069768906 -0.13862943649291992 0.005704158917069435
0.023303743451833725 0.06931471824645996 0.03479672223329544 -0.13862943649291992 0.004481569863855839
0.0361606739461422 0.06931471824645996 0.11238977313041687 -0.13862943649291992 0.002376265823841095
0.016459258273243904 0.06931471824645996 0.03978576511144638 -0.13862943649291992 0.006594697944819927
0.02930656634271145 0.06931471824645996 0.05320558696985245 -0.13862943649291992 0.00892473291605711
0.009172379970550537 0.06931471824645996 0.011922094970941544 -0.13862943649291992 0.0057962555438280106
0.017342576757073402 0.06931471824645996 0.034907933324575424 -0.13862943649291992 0.0047588343732059
0.009424939751625061 0.06931471824645996 0.03686859458684921 -0.13862943649291992 0.0030950361397117376
0.014411073178052902 0.06931471824645996 0.016158241778612137 -0.13862943649291992 0.007443911395967007
0.012233171612024307 0.06931471824645996 0.004509438294917345 -0.13862943649291992 0.007113526575267315
0.01182982511818409 0.06931471824645996 0.01604120247066021 -0.13862943649291992 0.002480611437931657
0.014086572453379631 0.06931471824645996 0.03295507654547691 -0.13862943649291992 0.0028167706914246082
0.006437942385673523 0.06931471824645996 0.014970147982239723 -0.13862943649291992 0.004705790430307388
0.007886648178100586 0.06931471824645996 0.014730125665664673 -0.13862943649291992 0.00606971699744463
0.008430063724517822 0.06931471824645996 0.014734543859958649 -0.13862943649291992 0.005970622878521681
0.006885126233100891 0.06931471824645996 0.021294860169291496 -0.13862943649291992 0.00427094753831625
0.011190146207809448 0.06931471824645996 0.03572769835591316 -0.13862943649291992 0.0037714745849370956
0.012893125414848328 0.06931471824645996 0.016942495480179787 -0.13862943649291992 0.004098044242709875
0.006675273180007935 0.06931471824645996 0.015076018869876862 -0.13862943649291992 0.004812380764633417
0.006983127444982529 0.06931471824645996 0.011089477688074112 -0.13862943649291992 0.0041408780962228775
0.01095670834183693 0.06931471824645996 0.00827621016651392 -0.13862943649291992 0.003980157431215048
0.021143635734915733 0.06931471824645996 0.033401887863874435 -0.13862943649291992 0.0037874309346079826
0.008949082344770432 0.06931471824645996 0.01323576271533966 -0.13862943649291992 0.004313219804316759
0.01001119613647461 0.06931471824645996 0.018087273463606834 -0.13862943649291992 0.0016025449149310589
0.005990717560052872 0.06931471824645996 0.009021175093948841 -0.13862943649291992 0.004479503724724054
0.026606343686580658 0.06931471824645996 0.07737663388252258 -0.13862943649291992 0.0067309485748410225
0.0116373710334301 0.06931471824645996 0.017773710191249847 -0.13862943649291992 0.005097220651805401
0.0335378497838974 0.06931471824645996 0.06052197515964508 -0.13862943649291992 0.0036423606798052788
0.010793697088956833 0.06931471824645996 0.03451116010546684 -0.13862943649291992 0.0038427046965807676
0.01739523559808731 0.06931471824645996 0.022430837154388428 -0.13862943649291992 0.005445681046694517
0.01081651821732521 0.06931471824645996 0.01839524880051613 -0.13862943649291992 0.0035666185431182384
0.015156682580709457 0.06931471824645996 0.026547089219093323 -0.13862943649291992 0.0038638245314359665
0.014963649213314056 0.06931471824645996 0.024955449625849724 -0.13862943649291992 0.007783714681863785
0.01799042336642742 0.06931471824645996 0.019088564440608025 -0.13862943649291992 0.0041945273987948895
0.011454103514552116 0.06931471824645996 0.010512808337807655 -0.13862943649291992 0.005513716489076614
0.00951169990003109 0.06931471824645996 0.01275624893605709 -0.13862943649291992 0.0027424637228250504
0.02710479497909546 0.06931471824645996 0.033618856221437454 -0.13862943649291992 0.0028580063953995705
0.008599955588579178 0.06931471824645996 0.015885386615991592 -0.13862943649291992 0.0029985280707478523
0.007661044597625732 0.06931471824645996 0.019642213359475136 -0.13862943649291992 0.003737272694706917
0.020195618271827698 0.06931471824645996 0.02629544585943222 -0.13862943649291992 0.004768858663737774
0.027803193777799606 0.06931471824645996 0.047887448221445084 -0.13862943649291992 0.007109773810952902
0.009758133441209793 0.06931471824645996 0.019676972180604935 -0.13862943649291992 0.006563565228134394
0.006264545023441315 0.06931471824645996 0.010211651213467121 -0.13862943649291992 0.004489703569561243
0.034814078360795975 0.06931471824645996 0.08989125490188599 -0.13862943649291992 0.002442697063088417
0.02118358574807644 0.06931471824645996 0.03613785654306412 -0.13862943649291992 0.006359121762216091
0.011258980259299278 0.06931471824645996 0.02491261251270771 -0.13862943649291992 0.002538378583267331
0.013327943161129951 0.06931471824645996 0.024298349395394325 -0.13862943649291992 0.0038377963937819004
0.008875243365764618 0.06931471824645996 0.014969892799854279 -0.13862943649291992 0.0029874714091420174
0.010433292016386986 0.06931471824645996 0.022736454382538795 -0.13862943649291992 0.0029612528160214424
0.02879086136817932 0.06931471824645996 0.025839639827609062 -0.13862943649291992 0.0035062108654528856
0.0120449960231781 0.06931471824645996 0.014583179727196693 -0.13862943649291992 0.0034880877938121557
0.010140230879187584 0.06931471824645996 0.03904392570257187 -0.13862943649291992 0.0026206045877188444
0.017535313963890076 0.06931471824645996 0.01559149008244276 -0.13862943649291992 0.0033081108704209328
0.013889962807297707 0.06931471824645996 0.018273836001753807 -0.13862943649291992 0.002641725353896618
0.00618826225399971 0.06931471824645996 0.006501357536762953 -0.13862943649291992 0.0028561358340084553
0.011167529970407486 0.06931471824645996 0.020253850147128105 -0.13862943649291992 0.004376476164907217
0.009777722880244255 0.06931471824645996 0.01435591746121645 -0.13862943649291992 0.0044733090326189995
0.008465826511383057 0.06931471824645996 0.013047452084720135 -0.13862943649291992 0.0031878019217401743
0.01902233436703682 0.06931471824645996 0.038689449429512024 -0.13862943649291992 0.002615113975480199
0.017015285789966583 0.06931471824645996 0.04398859292268753 -0.13862943649291992 0.0032150517217814922
0.013912476599216461 0.06931471824645996 0.02342432364821434 -0.13862943649291992 0.002696636598557234
0.012644853442907333 0.06931471824645996 0.020430395379662514 -0.13862943649291992 0.0024812212213873863
0.010707339271903038 0.06931471824645996 0.017438020557165146 -0.13862943649291992 0.006450730841606855
0.010281901806592941 0.06931471824645996 0.011912963353097439 -0.13862943649291992 0.00327374623157084
0.01062244176864624 0.06931471824645996 0.009705306962132454 -0.13862943649291992 0.007643731310963631
0.007859468460083008 0.06931471824645996 0.013281297869980335 -0.13862943649291992 0.002019623527303338
0.010114256292581558 0.06931471824645996 0.030690832063555717 -0.13862943649291992 0.0031939097680151463
0.01274644024670124 0.06931471824645996 0.029770860448479652 -0.13862943649291992 0.002328263595700264
0.024499766528606415 0.06931471824645996 0.03688756003975868 -0.13862943649291992 0.004106803331524134
0.012095538899302483 0.06931471824645996 0.012322919443249702 -0.13862943649291992 0.005707516334950924
0.007515352219343185 0.06931471824645996 0.016082538291811943 -0.13862943649291992 0.006785180419683456
0.00834844633936882 0.06931471824645996 0.013085296377539635 -0.13862943649291992 0.006924719084054232
0.015280723571777344 0.06931471824645996 0.027496568858623505 -0.13862943649291992 0.002690083347260952
0.011899784207344055 0.06931471824645996 0.024093206971883774 -0.13862943649291992 0.0017143195727840066
0.008576508611440659 0.06931471824645996 0.01370660588145256 -0.13862943649291992 0.004362373612821102
0.009591862559318542 0.06931471824645996 0.01516297273337841 -0.13862943649291992 0.003738418919965625
0.013921665027737617 0.06931471824645996 0.017102524638175964 -0.13862943649291992 0.0034549767151474953
0.05865837633609772 0.06931471824645996 0.13188889622688293 -0.13862943649291992 0.004333724267780781
0.015068301931023598 0.06931471824645996 0.07683902233839035 -0.13862943649291992 0.00429951585829258
0.008087828755378723 0.06931471824645996 0.011069383472204208 -0.13862943649291992 0.0031833858229219913
0.017952794209122658 0.06931471824645996 0.03412928804755211 -0.13862943649291992 0.0027479424607008696
0.021543214097619057 0.06931471824645996 0.05646490305662155 -0.13862943649291992 0.002392995171248913
0.00615295022726059 0.06931471824645996 0.008557053282856941 -0.13862943649291992 0.002535295207053423
0.023608878254890442 0.06931471824645996 0.052148133516311646 -0.13862943649291992 0.005819527432322502
0.007989179342985153 0.06931471824645996 0.013017105869948864 -0.13862943649291992 0.0032442263327538967
0.011775948107242584 0.06931471824645996 0.020793261006474495 -0.13862943649291992 0.002526568714529276
0.02358517050743103 0.06931471824645996 0.046494632959365845 -0.13862943649291992 0.004579952917993069
0.02615424059331417 0.06931471824645996 0.07737269252538681 -0.13862943649291992 0.0030861031264066696
0.010365353897213936 0.06931471824645996 0.01707855798304081 -0.13862943649291992 0.0027731836307793856
0.020698871463537216 0.06931471824645996 0.03360544517636299 -0.13862943649291992 0.004886621609330177
0.016509512439370155 0.06931471824645996 0.023501411080360413 -0.13862943649291992 0.0033325795084238052
0.006931900978088379 0.06931471824645996 0.015646621584892273 -0.13862943649291992 0.0063738469034433365
0.01377776637673378 0.06931471824645996 0.01765916310250759 -0.13862943649291992 0.0041338359005749226
0.04344908893108368 0.06931471824645996 0.12686163187026978 -0.13862943649291992 0.0027947486378252506
0.02744506299495697 0.06931471824645996 0.02795121818780899 -0.13862943649291992 0.0032518107909709215
0.017458712682127953 0.06931471824645996 0.036659982055425644 -0.13862943649291992 0.005343416705727577
0.006963856518268585 0.06931471824645996 0.010822329670190811 -0.13862943649291992 0.0032920879311859608
0.024589713662862778 0.06931471824645996 0.02000373974442482 -0.13862943649291992 0.00584668293595314
0.012022214010357857 0.06931471824645996 0.013895049691200256 -0.13862943649291992 0.002624982502311468
0.007834568619728088 0.06931471824645996 0.008135371841490269 -0.13862943649291992 0.005443749949336052
0.026764439418911934 0.06931471824645996 0.04874666780233383 -0.13862943649291992 0.0025110612623393536
0.00649183988571167 0.06931471824645996 0.012040834873914719 -0.13862943649291992 0.0011126811150461435
0.020722007378935814 0.06931471824645996 0.03409935161471367 -0.13862943649291992 0.0034030508249998093
0.01001054048538208 0.06931471824645996 0.02117924951016903 -0.13862943649291992 0.0031595746986567974
0.008718084543943405 0.06931471824645996 0.019332773983478546 -0.13862943649291992 0.003216818906366825
0.009192617610096931 0.06931471824645996 0.016979999840259552 -0.13862943649291992 0.001575470669195056
0.014230625703930855 0.06931471824645996 0.030155260115861893 -0.13862943649291992 0.003624686971306801
0.020081736147403717 0.06931471824645996 0.0675310492515564 -0.13862943649291992 0.004937904421240091
0.00867566466331482 0.06931471824645996 0.008564027026295662 -0.13862943649291992 0.0027553304098546505
0.010948114097118378 0.06931471824645996 0.016042014583945274 -0.13862943649291992 0.001908040838316083
0.016587870195508003 0.06931471824645996 0.025080153718590736 -0.13862943649291992 0.0041405437514185905
0.011446576565504074 0.06931471824645996 0.02346741408109665 -0.13862943649291992 0.0034507540985941887
0.009205423295497894 0.06931471824645996 0.024834731593728065 -0.13862943649291992 0.004328785464167595
0.01290891319513321 0.06931471824645996 0.015541895292699337 -0.13862943649291992 0.003415233688428998
0.008964963257312775 0.06931471824645996 0.010255688801407814 -0.13862943649291992 0.0035963812842965126
0.021068081259727478 0.06931471824645996 0.039986684918403625 -0.13862943649291992 0.0022857515141367912
0.008359409868717194 0.06931471824645996 0.011983533389866352 -0.13862943649291992 0.0017649061046540737
0.007139679044485092 0.06931471824645996 0.015787791460752487 -0.13862943649291992 0.0025494610890746117
0.013096004724502563 0.06931471824645996 0.023199617862701416 -0.13862943649291992 0.0031690113246440887
0.013331154361367226 0.06931471824645996 0.023245150223374367 -0.13862943649291992 0.003021605545654893
0.009991630911827087 0.06931471824645996 0.022823866456747055 -0.13862943649291992 0.0034386306069791317
0.025751003995537758 0.06931471824645996 0.06600776314735413 -0.13862943649291992 0.004076878074556589
0.007076535373926163 0.06931471824645996 0.011189508251845837 -0.13862943649291992 0.00335099664516747
0.012312229722738266 0.06931471824645996 0.02812114730477333 -0.13862943649291992 0.004095878452062607
0.006501004099845886 0.06931471824645996 0.008818507194519043 -0.13862943649291992 0.0036669692490249872
0.012215737253427505 0.06931471824645996 0.014485590159893036 -0.13862943649291992 0.002928641391918063
0.04500337690114975 0.06931471824645996 0.088367760181427 -0.13862943649291992 0.0038777298759669065
0.009266048669815063 0.06931471824645996 0.015351942740380764 -0.13862943649291992 0.0012010247446596622
0.008055668324232101 0.06931471824645996 0.010489119216799736 -0.13862943649291992 0.0027257574256509542
0.011430332437157631 0.06931471824645996 0.013833574019372463 -0.13862943649291992 0.0027254363521933556
0.006229553371667862 0.06931471824645996 0.012383705005049706 -0.13862943649291992 0.0018733053002506495
0.00989149883389473 0.06931471824645996 0.02175275795161724 -0.13862943649291992 0.003470400348305702
0.01288234069943428 0.06931471824645996 0.023775018751621246 -0.13862943649291992 0.003735249163582921
0.048835575580596924 0.06931471824645996 0.1162671223282814 -0.13862943649291992 0.0032482107635587454
0.024286635220050812 0.06931471824645996 0.0244445838034153 -0.13862943649291992 0.005908969324082136
0.008434731513261795 0.06931471824645996 0.013279972597956657 -0.13862943649291992 0.001443017041310668
0.007318511605262756 0.06931471824645996 0.009890476241707802 -0.13862943649291992 0.0022575720213353634
0.025196775794029236 0.06931471824645996 0.057491734623909 -0.13862943649291992 0.002407119842246175
0.042811114341020584 0.06931471824645996 0.10013162344694138 -0.13862943649291992 0.005398797802627087
0.005157843232154846 0.06931471824645996 0.006829527206718922 -0.13862943649291992 0.0030806907452642918
0.010464992374181747 0.06931471824645996 0.012633070349693298 -0.13862943649291992 0.00217226380482316
0.008857041597366333 0.06931471824645996 0.02180870622396469 -0.13862943649291992 0.004135974682867527
0.05115702003240585 0.06931471824645996 0.15883278846740723 -0.13862943649291992 0.0038081970997154713
0.009013369679450989 0.06931471824645996 0.017733480781316757 -0.13862943649291992 0.0024325274862349033
0.006250541657209396 0.06931471824645996 0.008868149481713772 -0.13862943649291992 0.0026348058599978685
0.009110327810049057 0.06931471824645996 0.01663145050406456 -0.13862943649291992 0.003036410314962268
0.02457982674241066 0.06931471824645996 0.026213081553578377 -0.13862943649291992 0.0039734430611133575
0.05711681395769119 0.06931471824645996 0.13014234602451324 -0.13862943649291992 0.003393719904124737
0.007703352719545364 0.06931471824645996 0.0073008183389902115 -0.13862943649291992 0.003427879884839058
0.007388632744550705 0.06931471824645996 0.006751511245965958 -0.13862943649291992 0.0026939897798001766
0.0072019994258880615 0.06931471824645996 0.014707588590681553 -0.13862943649291992 0.001397972577251494
0.010771939530968666 0.06931471824645996 0.026567237451672554 -0.13862943649291992 0.0038193734362721443
0.00836557149887085 0.06931471824645996 0.018732018768787384 -0.13862943649291992 0.0037444320041686296
0.009837117046117783 0.06931471824645996 0.013224777765572071 -0.13862943649291992 0.004432004410773516
0.01314668357372284 0.06931471824645996 0.04066334292292595 -0.13862943649291992 0.0025625531561672688
0.0050804950296878815 0.06931471824645996 0.012091286480426788 -0.13862943649291992 0.002352104289457202
0.00785621628165245 0.06931471824645996 0.016543304547667503 -0.13862943649291992 0.002895006909966469
0.007512882351875305 0.06931471824645996 0.031147772446274757 -0.13862943649291992 0.002749401144683361
0.022685477510094643 0.06931471824645996 0.05454891175031662 -0.13862943649291992 0.002816637745127082
0.009590260684490204 0.06931471824645996 0.018132273107767105 -0.13862943649291992 0.002509577199816704
0.010682925581932068 0.06931471824645996 0.024037808179855347 -0.13862943649291992 0.0023257241118699312
0.00573638454079628 0.06931471824645996 0.00936955213546753 -0.13862943649291992 0.0024803716223686934
0.008556269109249115 0.06931471824645996 0.01640941947698593 -0.13862943649291992 0.0014531720662489533
0.0074348971247673035 0.06931471824645996 0.009957211092114449 -0.13862943649291992 0.004975270014256239
0.011069729924201965 0.06931471824645996 0.021642716601490974 -0.13862943649291992 0.0033469502814114094
0.006640877574682236 0.06931471824645996 0.009437973611056805 -0.13862943649291992 0.003990441560745239
0.00796358659863472 0.06931471824645996 0.012657229788601398 -0.13862943649291992 0.003455616533756256
0.03395729511976242 0.06931471824645996 0.0842570886015892 -0.13862943649291992 0.00329087907448411
0.014399632811546326 0.06931471824645996 0.02951662614941597 -0.13862943649291992 0.003314817789942026
0.010567557066679 0.06931471824645996 0.018259715288877487 -0.13862943649291992 0.0034734364598989487
0.059814974665641785 0.06931471824645996 0.11875028908252716 -0.13862943649291992 0.001977589214220643
0.04044143855571747 0.06931471824645996 0.09432024508714676 -0.13862943649291992 0.0032043964602053165
0.03825231269001961 0.06931471824645996 0.09972179681062698 -0.13862943649291992 0.003407247131690383
0.01882828027009964 0.06931471824645996 0.04216839373111725 -0.13862943649291992 0.004395491909235716
