0.6394625306129456 0.049272745847702026 1.947927713394165 -0.09774474054574966 0.07041619718074799
0.16538923978805542 0.06931467354297638 0.2399073839187622 -0.13862931728363037 0.055461592972278595
0.14355337619781494 0.06931470334529877 0.2693728506565094 -0.13862940669059753 0.03490957245230675
0.12580524384975433 0.06931471079587936 0.15975822508335114 -0.13862942159175873 0.031066425144672394
0.07343852519989014 0.06931471824645996 0.07233871519565582 -0.13862943649291992 0.030126627534627914
0.06558436155319214 0.06931471824645996 0.08565506339073181 -0.13862943649291992 0.027910249307751656
0.1147698312997818 0.06931471824645996 0.17663022875785828 -0.13862943649291992 0.021298032253980637
0.03954402729868889 0.06931471824645996 0.04170646145939827 -0.13862943649291992 0.014075176790356636
0.06914553046226501 0.06931471824645996 0.07858555018901825 -0.13862943649291992 0.016543060541152954
0.028570368885993958 0.06931471824645996 0.04899703338742256 -0.13862943649291992 0.008866513147950172
0.009493142366409302 0.06931471824645996 0.01971636340022087 -0.13862943649291992 0.011765658855438232
0.015584845095872879 0.06931471824645996 0.005482449196279049 -0.13862943649291992 0.012422356754541397
0.014799797907471657 0.06931471824645996 0.0129018509760499 -0.13862943649291992 0.008999930694699287
0.04241466149687767 0.06931471824645996 0.02396526001393795 -0.13862943649291992 0.011231636628508568
0.011694107204675674 0.06931471824645996 0.01185096986591816 -0.13862943649291992 0.013026602566242218
0.046665653586387634 0.06931471824645996 0.027469418942928314 -0.13862943649291992 0.008794384077191353
0.047755271196365356 0.06931471824645996 0.023582814261317253 -0.13862943649291992 0.007639960385859013
0.03138379752635956 0.06931471824645996 0.010477874428033829 -0.13862943649291992 0.013514218851923943
0.06141156330704689 0.06931471824645996 0.02438249997794628 -0.13862943649291992 0.009470723569393158
0.028274312615394592 0.06931471824645996 0.019916409626603127 -0.13862943649291992 0.009454503655433655
0.036371249705553055 0.06931471824645996 0.024812784045934677 -0.13862943649291992 0.0042244307696819305
0.012257393449544907 0.06931471824645996 0.0007026074454188347 -0.13862943649291992 0.012376471422612667
0.010138139128684998 0.06931471824645996 0.018726101145148277 -0.13862943649291992 0.0066098738461732864
0.024419188499450684 0.06931471824645996 0.027093861252069473 -0.13862943649291992 0.006936245132237673
0.05683654919266701 0.06931471824645996 0.04271261394023895 -0.13862943649291992 0.01500399224460125
0.014624647796154022 0.06931471824645996 0.006866779178380966 -0.13862943649291992 0.00955527275800705
0.04068185016512871 0.06931471824645996 0.05239534005522728 -0.13862943649291992 0.0036105636972934008
0.04222645238041878 0.06931471824645996 0.016489962115883827 -0.13862943649291992 0.012106136418879032
0.021436069160699844 0.06931471824645996 0.02794240601360798 -0.13862943649291992 0.009204060770571232
0.01993078738451004 0.06931471824645996 0.01931348815560341 -0.13862943649291992 0.0047022197395563126
0.011234523728489876 0.06931471824645996 0.009635379537940025 -0.13862943649291992 0.0075332969427108765
0.0365896113216877 0.06931471824645996 0.014531342312693596 -0.13862943649291992 0.018936045467853546
0.01761798746883869 0.06931471824645996 0.021383263170719147 -0.13862943649291992 0.006573902443051338
0.012642279267311096 0.06931471824645996 0.0051300982013344765 -0.13862943649291992 0.01150755025446415
0.02878064103424549 0.06931471824645996 0.0275275781750679 -0.13862943649291992 0.005068988539278507
0.044446416199207306 0.06931471824645996 0.061140336096286774 -0.13862943649291992 0.005839725490659475
0.009834159165620804 0.06931471824645996 -0.0017833076417446136 -0.13862943649291992 0.011598598212003708
0.01983748748898506 0.06931471824645996 0.018249237909913063 -0.13862943649291992 0.003150064032524824
0.044082850217819214 0.06931471824645996 0.009430859237909317 -0.13862943649291992 0.006540585309267044
0.028259262442588806 0.06931471824645996 0.06084730476140976 -0.13862943649291992 0.004500922746956348
0.008329659700393677 0.06931471824645996 0.005326705053448677 -0.13862943649291992 0.005170034244656563
0.01066499575972557 0.06931471824645996 0.004047609865665436 -0.13862943649291992 0.006925374269485474
0.012369455769658089 0.06931471824645996 0.007668131962418556 -0.13862943649291992 0.0035673207603394985
0.058294445276260376 0.06931471824645996 0.03838379308581352 -0.13862943649291992 0.00759447505697608
0.008825860917568207 0.06931471824645996 0.009033044800162315 -0.13862943649291992 0.004798259120434523
0.01713036745786667 0.06931471824645996 0.01096816174685955 -0.13862943649291992 0.005075467750430107
0.013211125507950783 0.06931471824645996 0.00908614695072174 -0.13862943649291992 0.0036008695606142282
0.021840687841176987 0.06931471824645996 0.016530221328139305 -0.13862943649291992 0.004903961904346943
0.03728240355849266 0.06931471824645996 0.016230054199695587 -0.13862943649291992 0.008046949282288551
0.01457199640572071 0.06931471824645996 0.014923501759767532 -0.13862943649291992 0.00536467507481575
0.02661268599331379 0.06931471824645996 0.03150452300906181 -0.13862943649291992 0.005734736565500498
0.010748066008090973 0.06931471824645996 0.0062975455075502396 -0.13862943649291992 0.006680563557893038
0.010186867788434029 0.06931471824645996 0.0111391581594944 -0.13862943649291992 0.010378286242485046
0.02013140171766281 0.06931471824645996 0.013086440041661263 -0.13862943649291992 0.005080793984234333
0.008138950914144516 0.06931471824645996 0.006451873574405909 -0.13862943649291992 0.0045453887432813644
0.02043699100613594 0.06931471824645996 0.03157992288470268 -0.13862943649291992 0.0058448221534490585
0.006369410082697868 0.06931471824645996 0.012070724740624428 -0.13862943649291992 0.00355318421497941
0.01942911185324192 0.06931471824645996 0.014206801541149616 -0.13862943649291992 0.0035902648232877254
0.010142041370272636 0.06931471824645996 0.011439248919487 -0.13862943649291992 0.006087506655603647
0.021788787096738815 0.06931471824645996 0.0103191202506423 -0.13862943649291992 0.003990694414824247
0.010936897248029709 0.06931471824645996 0.010963987559080124 -0.13862943649291992 0.005989391822367907
0.010501077398657799 0.06931471824645996 0.014911996200680733 -0.13862943649291992 0.005166422110050917
0.012509478256106377 0.06931471824645996 0.030592110008001328 -0.13862943649291992 0.005310696084052324
0.04498596489429474 0.06931471824645996 0.05425475537776947 -0.13862943649291992 0.004821388982236385
0.050938624888658524 0.06931471824645996 0.03101726435124874 -0.13862943649291992 0.007752204313874245
0.011167827993631363 0.06931471824645996 0.02381197363138199 -0.13862943649291992 0.007166579831391573
0.006087910383939743 0.06931471824645996 -0.00032638199627399445 -0.13862943649291992 0.021826032549142838
0.008823934942483902 0.06931471824645996 0.012800928205251694 -0.13862943649291992 0.007628222461789846
0.009034140035510063 0.06931471824645996 0.01036121603101492 -0.13862943649291992 0.006243812385946512
0.012510942295193672 0.06931471824645996 0.011371886357665062 -0.13862943649291992 0.002445314545184374
0.005500711500644684 0.06931471824645996 0.0005095303058624268 -0.13862943649291992 0.006926140282303095
0.007766053080558777 0.06931471824645996 0.009510912001132965 -0.13862943649291992 0.0025875072460621595
0.009631745517253876 0.06931471824645996 0.008612832054495811 -0.13862943649291992 0.0036424435675144196
0.005423951894044876 0.06931471824645996 0.007962198927998543 -0.13862943649291992 0.001875861780717969
0.010023549199104309 0.06931471824645996 0.0061461287550628185 -0.13862943649291992 0.002257135696709156
0.009738732129335403 0.06931471824645996 0.014876837842166424 -0.13862943649291992 0.0021682358346879482
0.00652698427438736 0.06931471824645996 0.0031914636492729187 -0.13862943649291992 0.001904174918308854
0.01428675651550293 0.06931471824645996 0.01268599834293127 -0.13862943649291992 0.00842026062309742
0.01497712917625904 0.06931471824645996 0.010486970655620098 -0.13862943649291992 0.005555294919759035
0.007900279015302658 0.06931471824645996 0.012332091107964516 -0.13862943649291992 0.00434741610661149
0.006890527904033661 0.06931471824645996 0.005292030982673168 -0.13862943649291992 0.0046471902169287205
0.018793728202581406 0.06931471824645996 0.030354095622897148 -0.13862943649291992 0.00267669721506536
0.01950754225254059 0.06931471824645996 0.020138919353485107 -0.13862943649291992 0.007820026017725468
0.007672477513551712 0.06931471824645996 0.015615159645676613 -0.13862943649291992 0.006992516573518515
0.012266848236322403 0.06931471824645996 0.010986380279064178 -0.13862943649291992 0.006998088676482439
0.006420455873012543 0.06931471824645996 0.004216436762362719 -0.13862943649291992 0.007863684557378292
0.00972922146320343 0.06931471824645996 0.0069884080439805984 -0.13862943649291992 0.01137886568903923
0.027665836736559868 0.06931471824645996 0.027844548225402832 -0.13862943649291992 0.003924690652638674
0.019482504576444626 0.06931471824645996 0.020529095083475113 -0.13862943649291992 0.0027519087307155132
0.008811186999082565 0.06931471824645996 0.005727438721805811 -0.13862943649291992 0.005015680566430092
0.022903041914105415 0.06931471824645996 0.02428111806511879 -0.13862943649291992 0.0062795584090054035
0.01583511009812355 0.06931471824645996 0.01268684584647417 -0.13862943649291992 0.0018372659105807543
0.012980213388800621 0.06931471824645996 0.029271088540554047 -0.13862943649291992 0.0031157894991338253
0.01065688207745552 0.06931471824645996 0.013093357905745506 -0.13862943649291992 0.006032170727849007
0.010528722777962685 0.06931471824645996 0.019871365278959274 -0.13862943649291992 0.005826324224472046
0.009669311344623566 0.06931471824645996 0.01005219854414463 -0.13862943649291992 0.00508870230987668
0.009792272001504898 0.06931471824645996 0.006576143205165863 -0.13862943649291992 0.0029448475688695908
0.016598273068666458 0.06931471824645996 0.023590262979269028 -0.13862943649291992 0.002505701035261154
0.009349983185529709 0.06931471824645996 0.013288244605064392 -0.13862943649291992 0.0027622482739388943
0.01125790923833847 0.06931471824645996 0.005748529452830553 -0.13862943649291992 0.004221840761601925
0.03955706208944321 0.06931471824645996 0.036175698041915894 -0.13862943649291992 0.012167496606707573
0.013760408386588097 0.06931471824645996 0.02341647818684578 -0.13862943649291992 0.0028045810759067535
0.014425840228796005 0.06931471824645996 0.0023933034390211105 -0.13862943649291992 0.00924362801015377
0.00840243510901928 0.06931471824645996 0.006218526512384415 -0.13862943649291992 0.003029051935300231
0.05633522942662239 0.06931471824645996 0.03752317279577255 -0.13862943649291992 0.003843568731099367
0.021500756964087486 0.06931471824645996 0.020130034536123276 -0.13862943649291992 0.004228879697620869
0.03213872015476227 0.06931471824645996 0.018520567566156387 -0.13862943649291992 0.0035113629419356585
0.020497936755418777 0.06931471824645996 0.028842557221651077 -0.13862943649291992 0.00354192778468132
0.014950405806303024 0.06931471824645996 0.012811733409762383 -0.13862943649291992 0.006893628276884556
0.0051395706832408905 0.06931471824645996 0.008282067254185677 -0.13862943649291992 0.0028026264626532793
0.03948468342423439 0.06931471824645996 0.025958742946386337 -0.13862943649291992 0.0027949800714850426
0.015560373663902283 0.06931471824645996 0.006732838694006205 -0.13862943649291992 0.003989805467426777
0.019739609211683273 0.06931471824645996 0.01164102740585804 -0.13862943649291992 0.00516648031771183
0.02812691032886505 0.06931471824645996 0.009930497966706753 -0.13862943649291992 0.002892120974138379
0.00962059572339058 0.06931471824645996 0.011050259694457054 -0.13862943649291992 0.002086627297103405
0.0057135894894599915 0.06931471824645996 0.005315971560776234 -0.13862943649291992 0.006766923703253269
0.0063563622534275055 0.06931471824645996 0.007739896886050701 -0.13862943649291992 0.005760688800364733
0.007927816361188889 0.06931471824645996 0.01151962112635374 -0.13862943649291992 0.002820041961967945
0.009106490761041641 0.06931471824645996 -0.002347247675061226 -0.13862943649291992 0.011484264396131039
0.015686864033341408 0.06931471824645996 0.012011796236038208 -0.13862943649291992 0.006629824638366699
0.00927218422293663 0.06931471824645996 0.008675467222929 -0.13862943649291992 0.002041269326582551
0.02512199431657791 0.06931471824645996 0.01153867319226265 -0.13862943649291992 0.003641887567937374
0.03614098206162453 0.06931471824645996 0.017416011542081833 -0.13862943649291992 0.009296140633523464
0.007195577025413513 0.06931471824645996 0.007113841362297535 -0.13862943649291992 0.006284455303102732
0.008133336901664734 0.06931471824645996 0.013119854964315891 -0.13862943649291992 0.007337472401559353
0.030079083517193794 0.06931471824645996 0.016418907791376114 -0.13862943649291992 0.006878248881548643
0.005278334021568298 0.06931471824645996 -0.002108321525156498 -0.13862943649291992 0.007295180112123489
0.010156124830245972 0.06931471824645996 0.017691243439912796 -0.13862943649291992 0.0059142629615962505
0.0084829181432724 0.06931471824645996 0.007996111176908016 -0.13862943649291992 0.0031581148505210876
0.012855058535933495 0.06931471824645996 0.014635257422924042 -0.13862943649291992 0.004116958472877741
0.00668957456946373 0.06931471824645996 0.002808938268572092 -0.13862943649291992 0.005219954065978527
0.011704087257385254 0.06931471824645996 0.0071232737973332405 -0.13862943649291992 0.0065002162009477615
0.006555423140525818 0.06931471824645996 -0.006377875804901123 -0.13862943649291992 0.031477004289627075
0.048980750143527985 0.06931471824645996 0.033594656735658646 -0.13862943649291992 0.005358141381293535
0.007688598707318306 0.06931471824645996 0.0024984870105981827 -0.13862943649291992 0.008081993088126183
0.00715426541864872 0.06931471824645996 0.003757004626095295 -0.13862943649291992 0.004718166776001453
0.010535519570112228 0.06931471824645996 0.01571148820221424 -0.13862943649291992 0.005382496863603592
0.009854530915617943 0.06931471824645996 0.009536102414131165 -0.13862943649291992 0.005369317717850208
0.04058880731463432 0.06931471824645996 0.04534510523080826 -0.13862943649291992 0.00425385870039463
0.019891688600182533 0.06931471824645996 0.02625337243080139 -0.13862943649291992 0.002228395314887166
0.0065081194043159485 0.06931471824645996 0.006682557985186577 -0.13862943649291992 0.006291144527494907
0.01054176315665245 0.06931471824645996 0.00993354246020317 -0.13862943649291992 0.0034953798167407513
0.04706423357129097 0.06931471824645996 0.0385030172765255 -0.13862943649291992 0.002045170869678259
0.010500526055693626 0.06931471824645996 0.00793580710887909 -0.13862943649291992 0.001614253269508481
0.02464439906179905 0.06931471824645996 0.026788106188178062 -0.13862943649291992 0.005843647755682468
0.046001967042684555 0.06931471824645996 0.024182278662919998 -0.13862943649291992 0.0033873519860208035
0.01088101789355278 0.06931471824645996 0.01767571270465851 -0.13862943649291992 0.003850187174975872
0.007806360721588135 0.06931471824645996 0.012839234434068203 -0.13862943649291992 0.004921964835375547
0.008026696741580963 0.06931471824645996 0.0094444015994668 -0.13862943649291992 0.001917918212711811
0.02289426699280739 0.06931471824645996 0.011733847670257092 -0.13862943649291992 0.0053004114888608456
0.07160967588424683 0.06931471824645996 0.08438119292259216 -0.13862943649291992 0.003838482778519392
0.009392950683832169 0.06931471824645996 0.012258343398571014 -0.13862943649291992 0.0030807675793766975
0.0061921849846839905 0.06931471824645996 0.010067511349916458 -0.13862943649291992 0.0029405171517282724
0.008914688602089882 0.06931471824645996 0.00867505557835102 -0.13862943649291992 0.004018805455416441
0.018633859232068062 0.06931471824645996 0.02013588696718216 -0.13862943649291992 0.0033700577914714813
0.010230381041765213 0.06931471824645996 0.015744242817163467 -0.13862943649291992 0.003336999099701643
0.05731787905097008 0.06931471824645996 0.04978933930397034 -0.13862943649291992 0.004202002659440041
0.009045731276273727 0.06931471824645996 0.008118793368339539 -0.13862943649291992 0.0028298222459852695
0.007255222648382187 0.06931471824645996 0.007467505056411028 -0.13862943649291992 0.002920225728303194
0.006096582859754562 0.06931471824645996 0.0027513476088643074 -0.13862943649291992 0.0034606223925948143
0.0062714554369449615 0.06931471824645996 0.005683070980012417 -0.13862943649291992 0.004088662564754486
0.02029898390173912 0.06931471824645996 0.025613464415073395 -0.13862943649291992 0.003783585038036108
0.00677136704325676 0.06931471824645996 0.008512608706951141 -0.13862943649291992 0.002955907955765724
0.05590832978487015 0.06931471824645996 0.06293480098247528 -0.13862943649291992 0.0016947081312537193
0.010292433202266693 0.06931471824645996 0.008476628921926022 -0.13862943649291992 0.0036380523815751076
0.008284620940685272 0.06931471824645996 0.01880774460732937 -0.13862943649291992 0.0019660170655697584
0.00836404599249363 0.06931471824645996 0.007691911421716213 -0.13862943649291992 0.0035957160871475935
0.010205034166574478 0.06931471824645996 0.016566844657063484 -0.13862943649291992 0.0018570121610537171
0.01323031447827816 0.06931471824645996 0.014567447826266289 -0.13862943649291992 0.0035906715784221888
0.007984612137079239 0.06931471824645996 0.011946732178330421 -0.13862943649291992 0.0067541212774813175
0.016608567908406258 0.06931471824645996 0.013347477652132511 -0.13862943649291992 0.003533485345542431
0.00973687507212162 0.06931471824645996 0.0024868398904800415 -0.13862943649291992 0.004549282602965832
0.016246899962425232 0.06931471824645996 0.025312921032309532 -0.13862943649291992 0.002514129038900137
0.008532047271728516 0.06931471824645996 0.007398220244795084 -0.13862943649291992 0.004228759091347456
0.009545732289552689 0.06931471824645996 0.02306615188717842 -0.13862943649291992 0.002548223128542304
0.009788673371076584 0.06931471824645996 0.010327233001589775 -0.13862943649291992 0.005545567721128464
0.013188110664486885 0.06931471824645996 0.013042147271335125 -0.13862943649291992 0.0020509916357696056
0.007223948836326599 0.06931471824645996 0.011743871495127678 -0.13862943649291992 0.0018047618214040995
0.011780625209212303 0.06931471824645996 0.0067781186662614346 -0.13862943649291992 0.0018692445009946823
0.011472761631011963 0.06931471824645996 0.02058129943907261 -0.13862943649291992 0.0027439910918474197
0.013158673420548439 0.06931471824645996 0.015973659232258797 -0.13862943649291992 0.004315887577831745
0.011202605441212654 0.06931471824645996 0.017685379832983017 -0.13862943649291992 0.0019518465269356966
0.06829342246055603 0.06931471824645996 0.06971701234579086 -0.13862943649291992 0.004534752108156681
0.0074541568756103516 0.06931471824645996 0.006065910682082176 -0.13862943649291992 0.0019377351272851229
0.011065259575843811 0.06931471824645996 0.013072999194264412 -0.13862943649291992 0.0019280866254121065
0.00629839301109314 0.06931471824645996 0.009811627678573132 -0.13862943649291992 0.001961252884939313
0.006499569863080978 0.06931471824645996 0.008103203028440475 -0.13862943649291992 0.003873698879033327
0.0467987023293972 0.06931471824645996 0.060277923941612244 -0.13862943649291992 0.0037068352103233337
0.010984055697917938 0.06931471824645996 0.008539221249520779 -0.13862943649291992 0.004228043369948864
0.007245846092700958 0.06931471824645996 0.010894753970205784 -0.13862943649291992 0.0027539427392184734
0.008745130151510239 0.06931471824645996 0.011547202244400978 -0.13862943649291992 0.00219409866258502
0.005926243960857391 0.06931471824645996 0.009729832410812378 -0.13862943649291992 0.0032643009908497334
0.009671978652477264 0.06931471824645996 0.013001732528209686 -0.13862943649291992 0.0031069484539330006
0.013288073241710663 0.06931471824645996 0.009715372696518898 -0.13862943649291992 0.00606163963675499
0.029157480224967003 0.06931471824645996 0.022602569311857224 -0.13862943649291992 0.0030542651657015085
0.009306740015745163 0.06931471824645996 0.015658222138881683 -0.13862943649291992 0.0020295868162065744
0.007125016301870346 0.06931471824645996 0.009991168975830078 -0.13862943649291992 0.00299569359049201
0.009228933602571487 0.06931471824645996 0.018109846860170364 -0.13862943649291992 0.0026049581356346607
0.033614035695791245 0.06931471824645996 0.030770903453230858 -0.13862943649291992 0.004812743980437517
0.014835195615887642 0.06931471824645996 0.012079255655407906 -0.13862943649291992 0.0028901356272399426
0.006131019443273544 0.06931471824645996 0.004617850761860609 -0.13862943649291992 0.003934673964977264
0.004601821303367615 0.06931471824645996 0.006337848957628012 -0.13862943649291992 0.0022393162362277508
0.0066321492195129395 0.06931471824645996 0.011867227032780647 -0.13862943649291992 0.004515866283327341
0.043680790811777115 0.06931471824645996 0.04245375841856003 -0.13862943649291992 0.0021237533073872328
0.012332305312156677 0.06931471824645996 0.011307153850793839 -0.13862943649291992 0.003184700384736061
0.0062401071190834045 0.06931471824645996 0.004156619310379028 -0.13862943649291992 0.003200407372787595
0.008082661777734756 0.06931471824645996 0.013300275430083275 -0.13862943649291992 0.00437979307025671
0.019285842776298523 0.06931471824645996 0.008365841582417488 -0.13862943649291992 0.002821969799697399
0.06850063800811768 0.06931471824645996 0.03514667600393295 -0.13862943649291992 0.011731961742043495
0.011721746996045113 0.06931471824645996 0.009927723556756973 -0.13862943649291992 0.00438856054097414
0.009405456483364105 0.06931471824645996 0.0152096813544631 -0.13862943649291992 0.0015610824339091778
0.006121259182691574 0.06931471824645996 0.008149230852723122 -0.13862943649291992 0.005797706078737974
0.008397629484534264 0.06931471824645996 0.009815460070967674 -0.13862943649291992 0.0032936856150627136
0.009650219231843948 0.06931471824645996 0.014915188774466515 -0.13862943649291992 0.004383936990052462
0.008331231772899628 0.06931471824645996 0.00732330372557044 -0.13862943649291992 0.004306821618229151
0.004844158887863159 0.06931471824645996 0.004767257254570723 -0.13862943649291992 0.002804896794259548
0.004774540662765503 0.06931471824645996 0.005494203418493271 -0.13862943649291992 0.001452229218557477
0.013193545863032341 0.06931471824645996 0.017844120040535927 -0.13862943649291992 0.0015818089013919234
0.009050562977790833 0.06931471824645996 0.017158936709165573 -0.13862943649291992 0.0042465017177164555
0.03089815005660057 0.06931471824645996 0.03107617236673832 -0.13862943649291992 0.006390243768692017
0.010131077840924263 0.06931471824645996 0.004411821719259024 -0.13862943649291992 0.0038883702363818884
0.008390270173549652 0.06931471824645996 0.010787487961351871 -0.13862943649291992 0.001515467301942408
0.0029414184391498566 0.06931471824645996 0.004425336606800556 -0.13862943649291992 0.001796207157894969
0.009752808138728142 0.06931471824645996 0.010599631816148758 -0.13862943649291992 0.002179802395403385
0.021281080320477486 0.06931471824645996 0.015187326818704605 -0.13862943649291992 0.0025982754305005074
0.010264482349157333 0.06931471824645996 0.00604515615850687 -0.13862943649291992 0.0035461043007671833
0.01564003899693489 0.06931471824645996 0.012142387218773365 -0.13862943649291992 0.0013898988254368305
0.01194051280617714 0.06931471824645996 0.018280286341905594 -0.13862943649291992 0.0016832668334245682
0.05060192570090294 0.06931471824645996 0.037058260291814804 -0.13862943649291992 0.005809830967336893
0.01910811848938465 0.06931471824645996 0.015046874061226845 -0.13862943649291992 0.004398686811327934
0.011855565011501312 0.06931471824645996 0.014628560282289982 -0.13862943649291992 0.0015495159896090627
0.04994954168796539 0.06931471824645996 0.035374805331230164 -0.13862943649291992 0.004801842384040356
0.011140167713165283 0.06931471824645996 0.015121428295969963 -0.13862943649291992 0.0041590118780732155
0.031079892069101334 0.06931471824645996 0.02594626694917679 -0.13862943649291992 0.0021622057538479567
0.018453188240528107 0.06931471824645996 0.02396032214164734 -0.13862943649291992 0.0015332666225731373
