0.6396198272705078 0.0717054083943367 5.326821804046631 -0.15509477257728577 0.1034606397151947
0.1639515608549118 0.06939855962991714 0.5641874074935913 -0.1390662044286728 0.032876841723918915
0.13420157134532928 0.06933116912841797 0.3459298014640808 -0.13866744935512543 0.021938320249319077
0.08397923409938812 0.0693146288394928 0.24224251508712769 -0.13864432275295258 0.02185964584350586
0.04423052445054054 0.06931419670581818 0.13520953059196472 -0.1386287361383438 0.018878653645515442
0.06504684686660767 0.06931436061859131 0.10122554004192352 -0.1386297047138214 0.019330114126205444
0.10060172528028488 0.06931433081626892 0.3081687390804291 -0.13862861692905426 0.012182032689452171
0.10243472456932068 0.06931442022323608 0.2727600336074829 -0.13862891495227814 0.013525400310754776
0.09580141305923462 0.06931453943252563 0.2316170483827591 -0.13862909376621246 0.011006996966898441
0.040585409849882126 0.06931459158658981 0.10038385540246964 -0.13862918317317963 0.01190984807908535
0.02292410098016262 0.06931459903717041 0.07107409089803696 -0.13862919807434082 0.005610022693872452
0.0132391806691885 0.0693146139383316 0.042335350066423416 -0.1386292278766632 0.008999680168926716
0.018432628363370895 0.0693146213889122 0.02767869457602501 -0.1386292427778244 0.012758104130625725
0.0428948849439621 0.0693146362900734 0.15879574418067932 -0.1386292725801468 0.00587086845189333
0.026901323348283768 0.06931465119123459 0.1475483626127243 -0.13862930238246918 0.007371925283223391
0.031534209847450256 0.06931465119123459 0.06250639259815216 -0.13862930238246918 0.006569543853402138
0.022830110043287277 0.06931465119123459 0.04995553195476532 -0.13862930238246918 0.006565701216459274
0.02289472334086895 0.06931465864181519 0.07472893595695496 -0.13862931728363037 0.0069745793007314205
0.026530785486102104 0.06931467354297638 0.0678386241197586 -0.13862934708595276 0.008161324076354504
0.010769739747047424 0.06931467354297638 0.01879597268998623 -0.13862936198711395 0.006730572320520878
0.024394169449806213 0.06931467354297638 0.09660933911800385 -0.13862934708595276 0.004460117779672146
0.007723590359091759 0.06931468099355698 0.017821423709392548 -0.13862936198711395 0.0031583826057612896
0.014848912134766579 0.06931468099355698 0.030388303101062775 -0.13862936198711395 0.006903499364852905
0.020326748490333557 0.06931469589471817 0.055814728140830994 -0.13862939178943634 0.00862041674554348
0.05846264213323593 0.06931469589471817 0.16841985285282135 -0.13862939178943634 0.009392740204930305
0.011198032647371292 0.06931470334529877 0.0456962026655674 -0.13862940669059753 0.002765790093690157
0.034116826951503754 0.06931470334529877 0.10684289783239365 -0.13862940669059753 0.005896143615245819
0.05204511806368828 0.06931470334529877 0.14666080474853516 -0.13862942159175873 0.005462365224957466
0.01099097728729248 0.06931471079587936 0.03497641161084175 -0.13862942159175873 0.0049707842990756035
0.0214976966381073 0.06931471079587936 0.07936441153287888 -0.13862942159175873 0.003907124046236277
0.009626664221286774 0.06931471079587936 0.024542178958654404 -0.13862942159175873 0.0025270094629377127
0.052769750356674194 0.06931471079587936 0.133543461561203 -0.13862942159175873 0.004970950540155172
0.01617024652659893 0.06931471079587936 0.07025516033172607 -0.13862942159175873 0.0034582428634166718
0.01359068974852562 0.06931471079587936 0.02727227658033371 -0.13862942159175873 0.0035689445212483406
0.028118796646595 0.06931471824645996 0.0909840315580368 -0.13862943649291992 0.0026376908645033836
0.016007134690880775 0.06931471824645996 0.03413543850183487 -0.13862943649291992 0.005974317900836468
0.03723651170730591 0.06931471079587936 0.10186471790075302 -0.13862942159175873 0.0027497978881001472
0.013553952798247337 0.06931471079587936 0.04110646992921829 -0.13862943649291992 0.003731675446033478
0.028366215527057648 0.06931471824645996 0.13445217907428741 -0.13862943649291992 0.004950159694999456
0.03369308263063431 0.06931471824645996 0.11222560703754425 -0.13862943649291992 0.004263701848685741
0.009593728929758072 0.06931471824645996 0.01799190416932106 -0.13862943649291992 0.0036608767695724964
0.006422135978937149 0.06931471824645996 0.011168938130140305 -0.13862943649291992 0.003609440987929702
0.012392893433570862 0.06931471824645996 0.01542247086763382 -0.13862943649291992 0.0028262007981538773
0.035147737711668015 0.06931471824645996 0.08451644331216812 -0.13862943649291992 0.00561385415494442
0.008950415998697281 0.06931471824645996 0.019719354808330536 -0.13862943649291992 0.004440498538315296
0.021659208461642265 0.06931471824645996 0.043098580092191696 -0.13862943649291992 0.006002029404044151
0.011778831481933594 0.06931471824645996 0.03269154578447342 -0.13862943649291992 0.00355754466727376
0.01960468664765358 0.06931471824645996 0.05215461179614067 -0.13862943649291992 0.004234574269503355
0.03461628779768944 0.06931471824645996 0.05795828253030777 -0.13862943649291992 0.0027946513146162033
0.01717950403690338 0.06931471824645996 0.03056761994957924 -0.13862943649291992 0.005478519946336746
0.01289876364171505 0.06931471824645996 0.026362713426351547 -0.13862943649291992 0.003999439533799887
0.0081944540143013 0.06931471824645996 0.01589246094226837 -0.13862943649291992 0.003972633741796017
0.014780441299080849 0.06931471824645996 0.01755540259182453 -0.13862943649291992 0.004447272513061762
0.03394261375069618 0.06931471824645996 0.0760103240609169 -0.13862943649291992 0.0021486827172338963
0.008692167699337006 0.06931471824645996 0.012246789410710335 -0.13862943649291992 0.006510141771286726
0.016110174357891083 0.06931471824645996 0.03818348050117493 -0.13862943649291992 0.005896568298339844
0.009640607982873917 0.06931471824645996 0.017345985397696495 -0.13862943649291992 0.005151589401066303
0.010507550090551376 0.06931471824645996 0.026284808292984962 -0.13862943649291992 0.003301419550552964
0.01196795329451561 0.06931471824645996 0.02274145931005478 -0.13862943649291992 0.006141310557723045
0.007640436291694641 0.06931471824645996 0.015641266480088234 -0.13862943649291992 0.002915420103818178
0.019529560580849648 0.06931471824645996 0.031915489584207535 -0.13862943649291992 0.005749187432229519
0.015529530122876167 0.06931471824645996 0.03482889384031296 -0.13862943649291992 0.0017906550783663988
0.02067074365913868 0.06931471824645996 0.038370970636606216 -0.13862943649291992 0.006258644629269838
0.020395735278725624 0.06931471824645996 0.039846114814281464 -0.13862943649291992 0.00280141644179821
0.00928320363163948 0.06931471824645996 0.033795543015003204 -0.13862943649291992 0.003087082877755165
0.01754966378211975 0.06931471824645996 0.020784685388207436 -0.13862943649291992 0.004099205136299133
0.006466899067163467 0.06931471824645996 0.007374896667897701 -0.13862943649291992 0.0029089669696986675
0.022711360827088356 0.06931471824645996 0.03100276179611683 -0.13862943649291992 0.0044901417568326
0.00830984115600586 0.06931471824645996 0.014245009049773216 -0.13862943649291992 0.0036980744916945696
0.011191083118319511 0.06931471824645996 0.03197014331817627 -0.13862943649291992 0.003418555250391364
0.007135771214962006 0.06931471824645996 0.014119870029389858 -0.13862943649291992 0.0063952235504984856
0.007807862013578415 0.06931471824645996 0.025319358333945274 -0.13862943649291992 0.0038978159427642822
0.014823490753769875 0.06931471824645996 0.023344308137893677 -0.13862943649291992 0.004443011246621609
0.005950339138507843 0.06931471824645996 0.011135311797261238 -0.13862943649291992 0.0037349029444158077
0.01679602637887001 0.06931471824645996 0.048488862812519073 -0.13862943649291992 0.005062390584498644
0.00900174304842949 0.06931471824645996 0.020578932017087936 -0.13862943649291992 0.005174701102077961
0.019629091024398804 0.06931471824645996 0.06423550099134445 -0.13862943649291992 0.0034342280123382807
0.0073758624494075775 0.06931471824645996 0.01487260963767767 -0.13862943649291992 0.0029736668802797794
0.012903846800327301 0.06931471824645996 0.01742185279726982 -0.13862943649291992 0.0029376382008194923
0.010427698493003845 0.06931471824645996 0.017959104850888252 -0.13862943649291992 0.003719630651175976
0.011128269135951996 0.06931471824645996 0.015976443886756897 -0.13862943649291992 0.0019508555997163057
0.012441229075193405 0.06931471824645996 0.02574119158089161 -0.13862943649291992 0.0030658068135380745
0.026386436074972153 0.06931471824645996 0.04117869958281517 -0.13862943649291992 0.004970892798155546
0.00783129408955574 0.06931471824645996 0.028590643778443336 -0.13862943649291992 0.0039046648889780045
0.008371613919734955 0.06931471824645996 0.01661827601492405 -0.13862943649291992 0.004210155922919512
0.005473945289850235 0.06931471824645996 0.007331882603466511 -0.13862943649291992 0.002994823269546032
0.031747303903102875 0.06931471824645996 0.10506337881088257 -0.13862943649291992 0.00477521913126111
0.016491059213876724 0.06931471824645996 0.04810790717601776 -0.13862943649291992 0.00418897857889533
0.0095729511231184 0.06931471824645996 0.026007385924458504 -0.13862943649291992 0.00205652741715312
0.018028736114501953 0.06931471824645996 0.029256675392389297 -0.13862943649291992 0.007044325582683086
0.03362143412232399 0.06931471824645996 0.0934288501739502 -0.13862943649291992 0.0042269304394721985
0.008696507662534714 0.06931471824645996 0.0158357173204422 -0.13862943649291992 0.002100476063787937
0.012990260496735573 0.06931471824645996 0.01956431195139885 -0.13862943649291992 0.004750261083245277
0.011391270905733109 0.06931471824645996 0.01384703814983368 -0.13862943649291992 0.0021081804297864437
0.008209653198719025 0.06931471824645996 0.012646425515413284 -0.13862943649291992 0.004128784406930208
0.009870678186416626 0.06931471824645996 0.015941476449370384 -0.13862943649291992 0.003941713832318783
0.009534984827041626 0.06931471824645996 0.01307382620871067 -0.13862943649291992 0.004364310298115015
0.009864885360002518 0.06931471824645996 0.0330868698656559 -0.13862943649291992 0.003746945643797517
0.006867486983537674 0.06931471824645996 0.010062320157885551 -0.13862943649291992 0.002708110027015209
0.010732874274253845 0.06931471824645996 0.018402915447950363 -0.13862943649291992 0.0035551884211599827
0.015349270775914192 0.06931471824645996 0.02456166408956051 -0.13862943649291992 0.008192265406250954
0.006163798272609711 0.06931471824645996 0.01962936855852604 -0.13862943649291992 0.003065432421863079
0.010565459728240967 0.06931471824645996 0.024125585332512856 -0.13862943649291992 0.005070552229881287
0.009145524352788925 0.06931471824645996 0.015896251425147057 -0.13862943649291992 0.0028060146141797304
0.01397920772433281 0.06931471824645996 0.04338950663805008 -0.13862943649291992 0.006619962397962809
0.03666355460882187 0.06931471824645996 0.0670958012342453 -0.13862943649291992 0.003548820037394762
0.011698350310325623 0.06931471824645996 0.02674461528658867 -0.13862943649291992 0.0023173182271420956
0.027980873361229897 0.06931471824645996 0.06599122285842896 -0.13862943649291992 0.0071825673803687096
0.02320868708193302 0.06931471824645996 0.05418303981423378 -0.13862943649291992 0.005399391986429691
0.010073196142911911 0.06931471824645996 0.01607399992644787 -0.13862943649291992 0.0021060535218566656
0.022471250966191292 0.06931471824645996 0.06824612617492676 -0.13862943649291992 0.0023989579640328884
0.00932558998465538 0.06931471824645996 0.025060109794139862 -0.13862943649291992 0.004082619212567806
0.010267196223139763 0.06931471824645996 0.021209463477134705 -0.13862943649291992 0.0018219554331153631
0.021240534260869026 0.06931471824645996 0.05831018090248108 -0.13862943649291992 0.006965795066207647
0.03973882645368576 0.06931471824645996 0.1204349622130394 -0.13862943649291992 0.006518132984638214
0.009420748800039291 0.06931471824645996 0.03296215087175369 -0.13862943649291992 0.004568967968225479
0.019132910296320915 0.06931471824645996 0.02529522031545639 -0.13862943649291992 0.0027839974500238895
0.013385361060500145 0.06931471824645996 0.03237627446651459 -0.13862943649291992 0.002486541634425521
0.012258375063538551 0.06931471824645996 0.0346868596971035 -0.13862943649291992 0.003046720754355192
0.01206856220960617 0.06931471824645996 0.018694261088967323 -0.13862943649291992 0.003870021551847458
0.023761682212352753 0.06931471824645996 0.029087428003549576 -0.13862943649291992 0.005725683178752661
0.010350022464990616 0.06931471824645996 0.012751877307891846 -0.13862943649291992 0.005433833692222834
0.009725481271743774 0.06931471824645996 0.013288144022226334 -0.13862943649291992 0.0033304421231150627
0.011606970801949501 0.06931471824645996 0.01348491944372654 -0.13862943649291992 0.004468980710953474
0.007671922445297241 0.06931471824645996 0.013644352555274963 -0.13862943649291992 0.003546380437910557
0.01839454285800457 0.06931471824645996 0.051482219249010086 -0.13862943649291992 0.0046889688819646835
0.00820021703839302 0.06931471824645996 0.015260590240359306 -0.13862943649291992 0.0010867348173633218
0.009678371250629425 0.06931471824645996 0.012814321555197239 -0.13862943649291992 0.0028877584263682365
0.011113284155726433 0.06931471824645996 0.025035768747329712 -0.13862943649291992 0.0011611698428168893
0.014607425779104233 0.06931471824645996 0.01940072700381279 -0.13862943649291992 0.003805303480476141
0.008141003549098969 0.06931471824645996 0.009398269467055798 -0.13862943649291992 0.005422651302069426
0.007277242839336395 0.06931471824645996 0.031682729721069336 -0.13862943649291992 0.0026650174986571074
0.00914330780506134 0.06931471824645996 0.019482679665088654 -0.13862943649291992 0.004613032564520836
0.03255124017596245 0.06931471824645996 0.10447517037391663 -0.13862943649291992 0.0031336266547441483
0.01650615781545639 0.06931471824645996 0.028358452022075653 -0.13862943649291992 0.0037490876857191324
0.005648672580718994 0.06931471824645996 0.007515294943004847 -0.13862943649291992 0.005413763225078583
0.012479815632104874 0.06931471824645996 0.013772525824606419 -0.13862943649291992 0.004330201540142298
0.010333217680454254 0.06931471824645996 0.02793121337890625 -0.13862943649291992 0.0031006212811917067
0.03921254724264145 0.06931471824645996 0.10792096704244614 -0.13862943649291992 0.0037937774322927
0.029262850061058998 0.06931471824645996 0.07652173936367035 -0.13862943649291992 0.004282313399016857
0.009016089141368866 0.06931471824645996 0.03117750771343708 -0.13862943649291992 0.002130641136318445
0.009622085839509964 0.06931471824645996 0.023695752024650574 -0.13862943649291992 0.0034375255927443504
0.016413792967796326 0.06931471824645996 0.032422494143247604 -0.13862943649291992 0.0027313288301229477
0.007173415273427963 0.06931471824645996 0.01107241865247488 -0.13862943649291992 0.0024999105371534824
0.02207399159669876 0.06931471824645996 0.020878424867987633 -0.13862943649291992 0.004659177269786596
0.010189421474933624 0.06931471824645996 0.018908578902482986 -0.13862943649291992 0.005047791171818972
0.015356488525867462 0.06931471824645996 0.021809009835124016 -0.13862943649291992 0.003025826532393694
0.007762538269162178 0.06931471824645996 0.010768000967800617 -0.13862943649291992 0.004097700119018555
0.019499894231557846 0.06931471824645996 0.04833075776696205 -0.13862943649291992 0.004091379698365927
0.007062986493110657 0.06931471824645996 0.009370312094688416 -0.13862943649291992 0.001882974524050951
0.05443621426820755 0.06931471824645996 0.17578472197055817 -0.13862943649291992 0.002106272615492344
0.009896211326122284 0.06931471824645996 0.0128757543861866 -0.13862943649291992 0.002639136742800474
0.005237355828285217 0.06931471824645996 0.005496537312865257 -0.13862943649291992 0.004197105299681425
0.017387181520462036 0.06931471824645996 0.011863863095641136 -0.13862943649291992 0.0028634227346628904
0.021644923835992813 0.06931471824645996 0.049693573266267776 -0.13862943649291992 0.0042740413919091225
0.01245107315480709 0.06931471824645996 0.019832344725728035 -0.13862943649291992 0.002515397733077407
0.019779633730649948 0.06931471824645996 0.028189554810523987 -0.13862943649291992 0.00265808729454875
0.007945619523525238 0.06931471824645996 0.014417042024433613 -0.13862943649291992 0.003269362496212125
0.010665751993656158 0.06931471824645996 0.015059140510857105 -0.13862943649291992 0.003106024581938982
0.007267117500305176 0.06931471824645996 0.02915165200829506 -0.13862943649291992 0.004489405080676079
0.010503485798835754 0.06931471824645996 0.015251096338033676 -0.13862943649291992 0.003156708786264062
0.01918669603765011 0.06931471824645996 0.033043332397937775 -0.13862943649291992 0.0018101870082318783
0.009370092302560806 0.06931471824645996 0.008685613051056862 -0.13862943649291992 0.0027425051666796207
0.014042040333151817 0.06931471824645996 0.03275948762893677 -0.13862943649291992 0.003676827996969223
0.0147495586425066 0.06931471824645996 0.026745852082967758 -0.13862943649291992 0.0043267374858260155
0.01002907007932663 0.06931471824645996 0.023729028180241585 -0.13862943649291992 0.0011108692269772291
0.009907711297273636 0.06931471824645996 0.01625123992562294 -0.13862943649291992 0.0017469491576775908
0.020755374804139137 0.06931471824645996 0.061472658067941666 -0.13862943649291992 0.0018369832541793585
0.01240643672645092 0.06931471824645996 0.019835736602544785 -0.13862943649291992 0.002257368993014097
0.00908573716878891 0.06931471824645996 0.028750335797667503 -0.13862943649291992 0.0042406413704156876
0.016773492097854614 0.06931471824645996 0.025070704519748688 -0.13862943649291992 0.005802036263048649
0.012045836076140404 0.06931471824645996 0.029014619067311287 -0.13862943649291992 0.0023247618228197098
0.006334524601697922 0.06931471824645996 0.009888172149658203 -0.13862943649291992 0.003154210513457656
0.012556755915284157 0.06931471824645996 0.017958292737603188 -0.13862943649291992 0.005023936275392771
0.012823127210140228 0.06931471824645996 0.021699953824281693 -0.13862943649291992 0.004056141711771488
0.019768698140978813 0.06931471824645996 0.04700787365436554 -0.13862943649291992 0.0031121554784476757
0.019266584888100624 0.06931471824645996 0.06529785692691803 -0.13862943649291992 0.0030763372778892517
0.010510710999369621 0.06931471824645996 0.026196150109171867 -0.13862943649291992 0.004946042783558369
0.0078079961240291595 0.06931471824645996 0.01992267370223999 -0.13862943649291992 0.002866241615265608
0.011124301701784134 0.06931471824645996 0.01242964155972004 -0.13862943649291992 0.0036359725054353476
0.014255493879318237 0.06931471824645996 0.018623705953359604 -0.13862943649291992 0.0021074782125651836
0.006589144468307495 0.06931471824645996 0.015679167583584785 -0.13862943649291992 0.0022733157966285944
0.04409584403038025 0.06931471824645996 0.11262434720993042 -0.13862943649291992 0.003923770505934954
0.011567644774913788 0.06931471824645996 0.013927778229117393 -0.13862943649291992 0.006750664208084345
0.02370181865990162 0.06931471824645996 0.033099547028541565 -0.13862943649291992 0.0036532850936055183
0.008770443499088287 0.06931471824645996 0.01164485327899456 -0.13862943649291992 0.004175079055130482
0.010044535622000694 0.06931471824645996 0.016035184264183044 -0.13862943649291992 0.003042516065761447
0.019827984273433685 0.06931471824645996 0.02582460083067417 -0.13862943649291992 0.004554966930299997
0.018321705982089043 0.06931471824645996 0.03134191408753395 -0.13862943649291992 0.0037347115576267242
0.008847270160913467 0.06931471824645996 0.012426288798451424 -0.13862943649291992 0.004375680815428495
0.013301962986588478 0.06931471824645996 0.01754750683903694 -0.13862943649291992 0.004263505805283785
0.008513927459716797 0.06931471824645996 0.013930212706327438 -0.13862943649291992 0.005904654040932655
0.019369158893823624 0.06931471824645996 0.033532120287418365 -0.13862943649291992 0.0038264691829681396
0.009610418230295181 0.06931471824645996 0.026958709582686424 -0.13862943649291992 0.00283636711537838
0.02794324979186058 0.06931471824645996 0.056309834122657776 -0.13862943649291992 0.004191957414150238
0.008785627782344818 0.06931471824645996 0.017670560628175735 -0.13862943649291992 0.003299524076282978
0.007142700254917145 0.06931471824645996 0.009074901230633259 -0.13862943649291992 0.005752948112785816
0.006085548549890518 0.06931471824645996 0.012959301471710205 -0.13862943649291992 0.0030884351581335068
0.021742472425103188 0.06931471824645996 0.04185807704925537 -0.13862943649291992 0.0034953076392412186
0.01911943033337593 0.06931471824645996 0.03157573565840721 -0.13862943649291992 0.0015122707700356841
0.016707632690668106 0.06931471824645996 0.022106153890490532 -0.13862943649291992 0.0022292162757366896
0.006853785365819931 0.06931471824645996 0.011012599803507328 -0.13862943649291992 0.0029679418075829744
0.0070698559284210205 0.06931471824645996 0.01204339787364006 -0.13862943649291992 0.005002823192626238
0.045869022607803345 0.06931471824645996 0.12446631491184235 -0.13862943649291992 0.003730295691639185
0.009457841515541077 0.06931471824645996 0.015711937099695206 -0.13862943649291992 0.004098041914403439
0.006793048232793808 0.06931471824645996 0.010326270014047623 -0.13862943649291992 0.0029894663020968437
0.006990544497966766 0.06931471824645996 0.010925604030489922 -0.13862943649291992 0.002130078850314021
0.016873633489012718 0.06931471824645996 0.03756090626120567 -0.13862943649291992 0.003186193760484457
0.03946618735790253 0.06931471824645996 0.0928894430398941 -0.13862943649291992 0.004742773249745369
0.016309143975377083 0.06931471824645996 0.031198620796203613 -0.13862943649291992 0.0021746489219367504
0.010354945436120033 0.06931471824645996 0.01426589023321867 -0.13862943649291992 0.0024804959539324045
0.009884387254714966 0.06931471824645996 0.012547553516924381 -0.13862943649291992 0.003180125029757619
0.009209828451275826 0.06931471824645996 0.016688387840986252 -0.13862943649291992 0.0024267523549497128
0.006440088152885437 0.06931471824645996 0.014929192140698433 -0.13862943649291992 0.0019271493656560779
0.009716665372252464 0.06931471824645996 0.011649892665445805 -0.13862943649291992 0.0029184757731854916
0.005824141204357147 0.06931471824645996 0.010977847501635551 -0.13862943649291992 0.002807506825774908
0.0067674703896045685 0.06931471824645996 0.01342430617660284 -0.13862943649291992 0.0020187164191156626
0.03986747935414314 0.06931471824645996 0.09825561940670013 -0.13862943649291992 0.002487512771040201
0.012225449085235596 0.06931471824645996 0.016028523445129395 -0.13862943649291992 0.005867604166269302
0.015411574393510818 0.06931471824645996 0.016911813989281654 -0.13862943649291992 0.0051549216732382774
0.009531375020742416 0.06931471824645996 0.014522683806717396 -0.13862943649291992 0.0025407257489860058
0.006806500256061554 0.06931471824645996 0.007536092773079872 -0.13862943649291992 0.0033545424230396748
0.003953397274017334 0.06931471824645996 0.012355281971395016 -0.13862943649291992 0.003269496141001582
0.007133349776268005 0.06931471824645996 0.011598924174904823 -0.13862943649291992 0.0026791472919285297
0.03164823353290558 0.06931471824645996 0.06777145713567734 -0.13862943649291992 0.004370673559606075
0.013901449739933014 0.06931471824645996 0.017324475571513176 -0.13862943649291992 0.0025384947657585144
0.005864445120096207 0.06931471824645996 0.00929927732795477 -0.13862943649291992 0.003065845463424921
0.008719295263290405 0.06931471824645996 0.00907778088003397 -0.13862943649291992 0.001574323745444417
0.05038559064269066 0.06931471824645996 0.17852948606014252 -0.13862943649291992 0.002965917345136404
0.05179974064230919 0.06931471824645996 0.18127267062664032 -0.13862943649291992 0.0022458997555077076
0.006793849170207977 0.06931471824645996 0.010693352669477463 -0.13862943649291992 0.0027163163758814335
0.013905605301260948 0.06931471824645996 0.042899783700704575 -0.13862943649291992 0.004125925712287426
0.010198157280683517 0.06931471824645996 0.02354784682393074 -0.13862943649291992 0.00441135885193944
0.013736270368099213 0.06931471824645996 0.028856130316853523 -0.13862943649291992 0.0018379214452579618
0.05535418912768364 0.06931471824645996 0.1125870794057846 -0.13862943649291992 0.004056623205542564
