2.250084400177002 0.07152785360813141 0.4419894218444824 -0.14279185235500336 0.1044878289103508
1.6656137704849243 0.002607321133837104 -3.3875131607055664 -0.0035628005862236023 0.1270352452993393
1.2327207326889038 3.8529666198883206e-05 -9.070783615112305 -8.163208258338273e-05 0.15657567977905273
0.9985707402229309 4.143562910030596e-05 -13.494522094726562 -8.587649062974378e-05 0.18805819749832153
0.8044245839118958 7.284081220859662e-05 -16.057212829589844 -0.00017184088937938213 0.2199876308441162
0.6090133786201477 0.00015589485701639205 -18.6485652923584 -0.0003751327167265117 0.24001389741897583
0.49965721368789673 0.0002716181334108114 -21.10366439819336 -0.0005628279177471995 0.2559379041194916
0.33859631419181824 0.0002913678181357682 -23.505769729614258 -0.0005643878248520195 0.2709323763847351
0.3816467523574829 0.0002618721919134259 -24.215776443481445 -0.0005551603971980512 0.27178043127059937
0.22431732714176178 0.0002267897652927786 -25.421844482421875 -0.0004162325931247324 0.28298497200012207
0.2878032922744751 0.00028885641950182617 -25.878786087036133 -0.0006089590606279671 0.28753888607025146
0.1613917052745819 0.00028700396069325507 -27.44316291809082 -0.0005994634120725095 0.2877594232559204
0.20053711533546448 0.00024372203915845603 -27.395591735839844 -0.0005341001669876277 0.28825050592422485
0.14324069023132324 0.00025002495385706425 -28.325572967529297 -0.0005504103610292077 0.28204047679901123
0.0937323197722435 0.00022995262406766415 -29.19475555419922 -0.0005409395671449602 0.2874116897583008
0.10617174208164215 0.0003194152086507529 -30.335956573486328 -0.0006589624099433422 0.2888008952140808
0.16071189939975739 0.00033057908876799047 -29.90799903869629 -0.0006842357106506824 0.2890538275241852
0.08614697307348251 0.00032897526398301125 -30.386249542236328 -0.0007431465783156455 0.2834749221801758
0.11367711424827576 0.00023998688266146928 -30.51384735107422 -0.0005457545630633831 0.27953776717185974
0.11021587252616882 0.0002847015857696533 -31.118915557861328 -0.0006470977677963674 0.26327672600746155
0.07298880815505981 0.000317563972203061 -31.668397903442383 -0.0006843454902991652 0.27444031834602356
0.060064349323511124 0.00033077874104492366 -31.062450408935547 -0.0007350429077632725 0.2644420564174652
0.10255956649780273 0.0004132405447307974 -31.606185913085938 -0.0008931176853366196 0.2723883092403412
0.06494684517383575 0.00033498459379188716 -32.00873947143555 -0.0007815206772647798 0.2669731378555298
0.06808161735534668 0.0004845779330935329 -31.911880493164062 -0.001028412370942533 0.25631949305534363
0.043044235557317734 0.00043205893598496914 -32.65458297729492 -0.000992095679976046 0.23880207538604736
0.05994432792067528 0.0005626461352221668 -32.56093978881836 -0.0012867223704233766 0.2529483139514923
0.02523072622716427 0.0004927899572066963 -32.73196792602539 -0.0010906275128945708 0.2595785856246948
0.022663846611976624 0.0008501017582602799 -32.82356262207031 -0.001887676538899541 0.24350205063819885
0.03727094456553459 0.0006610508426092565 -33.10245132446289 -0.0014170039212331176 0.24671076238155365
0.0562271773815155 0.0006019938155077398 -32.638328552246094 -0.0013328938512131572 0.24366866052150726
0.029396871104836464 0.0006710353191010654 -33.46973419189453 -0.0014128488255664706 0.22223559021949768
0.02550576999783516 0.0009192744619213045 -33.66926193237305 -0.0020355884917080402 0.22311639785766602
0.029650667682290077 0.0007232257048599422 -33.77239227294922 -0.0015810072654858232 0.22066935896873474
0.019450709223747253 0.0008122423896566033 -33.35053634643555 -0.0018289234722033143 0.21303945779800415
0.027657655999064445 0.0006587995449081063 -33.806034088134766 -0.0014115945668891072 0.21333009004592896
0.018856624141335487 0.000766957935411483 -33.796173095703125 -0.0016414303099736571 0.1968284249305725
0.020404784008860588 0.0008272789418697357 -33.668575286865234 -0.0017726306105032563 0.1995561122894287
0.04893682152032852 0.0010229289764538407 -33.776222229003906 -0.0021815751679241657 0.19710731506347656
0.01011672429740429 0.0015158458845689893 -33.9515495300293 -0.0034635302145034075 0.19509750604629517
0.037250760942697525 0.0013315643882378936 -33.87507247924805 -0.0029037834610790014 0.1866246461868286
0.06463313847780228 0.000864473928231746 -33.94399642944336 -0.0018982861656695604 0.19560271501541138
0.014036187902092934 0.0014453984331339598 -34.451194763183594 -0.0030084040481597185 0.1728125512599945
0.0654594898223877 0.0015313181793317199 -33.415435791015625 -0.0033295631874352694 0.16694314777851105
0.03263641521334648 0.0017719160532578826 -34.32875442504883 -0.003711596829816699 0.18624836206436157
0.029627438634634018 0.0023336736485362053 -33.854496002197266 -0.0050707608461380005 0.16943547129631042
0.035413675010204315 0.0022500057239085436 -34.49112319946289 -0.004347905050963163 0.1531725823879242
0.012286264449357986 0.0026760732289403677 -34.417415618896484 -0.0057509527541697025 0.1576428860425949
0.007012568414211273 0.003319123759865761 -34.153385162353516 -0.006972417235374451 0.16483107209205627
0.022908154875040054 0.002295728074386716 -34.41996383666992 -0.004337612073868513 0.16829350590705872
0.030003614723682404 0.0028596618212759495 -34.51314163208008 -0.006039178464561701 0.16017407178878784
0.005659973248839378 0.0017810009885579348 -34.5247802734375 -0.003720133798196912 0.1604091227054596
0.00937983114272356 0.0040235016494989395 -34.35089874267578 -0.008738317526876926 0.14733923971652985
0.01780558004975319 0.0032829008996486664 -34.571929931640625 -0.006402501370757818 0.14447161555290222
0.032943543046712875 0.003477916121482849 -34.46625518798828 -0.00754122156649828 0.14664921164512634
0.004471557214856148 0.002021868946030736 -34.96113204956055 -0.004009747412055731 0.12494369596242905
0.019069861620664597 0.0022087753750383854 -34.12559509277344 -0.004664864391088486 0.14868958294391632
0.024403544142842293 0.0024199418257921934 -34.62887191772461 -0.005050948355346918 0.1354447603225708
0.0063740890473127365 0.0047104391269385815 -34.50580978393555 -0.00965203158557415 0.15489855408668518
0.06989935040473938 0.0036816864740103483 -34.027095794677734 -0.00798895861953497 0.138956680893898
0.016555868089199066 0.005548469256609678 -34.522254943847656 -0.011568429879844189 0.11675998568534851
0.028696171939373016 0.004929670598357916 -34.443660736083984 -0.0095977783203125 0.1418815553188324
0.028081422671675682 0.002985481871291995 -34.55324935913086 -0.006345625966787338 0.12771394848823547
0.007501555606722832 0.004196740686893463 -34.78577423095703 -0.008970852009952068 0.1254412829875946
0.0150609090924263 0.006320546846836805 -34.77059555053711 -0.013422208838164806 0.09857860207557678
0.016190417110919952 0.007465549744665623 -34.538604736328125 -0.01460204180330038 0.11932890117168427
0.0020624473690986633 0.003993084188550711 -34.9166259765625 -0.007833833806216717 0.12140926718711853
0.005982976406812668 0.0042689647525548935 -34.8535041809082 -0.008694903925061226 0.12518608570098877
0.004365302622318268 0.006063071079552174 -34.77846145629883 -0.012758863158524036 0.09935043007135391
0.05835225433111191 0.008602174930274487 -34.52701187133789 -0.01666185073554516 0.12259311974048615
0.009031572379171848 0.007402689661830664 -34.556461334228516 -0.015395057387650013 0.12164460122585297
0.01842012070119381 0.00583763187751174 -35.15757369995117 -0.011577034369111061 0.1033082902431488
0.0072143059223890305 0.005776251666247845 -35.03247833251953 -0.012022371403872967 0.10923707485198975
0.008725658990442753 0.007589598186314106 -34.698204040527344 -0.0158173106610775 0.11124736815690994
0.0039538368582725525 0.008755668066442013 -34.78655242919922 -0.01759602688252926 0.11296640336513519
0.001669280230998993 0.007653167936950922 -34.751007080078125 -0.015524919144809246 0.113088458776474
0.003765169531106949 0.0050841523334383965 -34.7471923828125 -0.009759277105331421 0.11067218333482742
0.00957166962325573 0.004135895520448685 -34.71026611328125 -0.00865041185170412 0.09626802057027817
0.004180703312158585 0.0060074119828641415 -35.01002502441406 -0.012513446621596813 0.10697044432163239
0.0015432201325893402 0.010573655366897583 -35.10210418701172 -0.021664081141352654 0.10107631981372833
0.06688126921653748 0.009225989691913128 -35.122310638427734 -0.018333202227950096 0.0933222845196724
0.0648934617638588 0.009365884587168694 -34.83579635620117 -0.019452599808573723 0.09158703684806824
0.01343376375734806 0.010769523680210114 -35.19633483886719 -0.022428078576922417 0.10749369859695435
0.0043662115931510925 0.009511041454970837 -34.502227783203125 -0.01928001083433628 0.1373719871044159
0.03547460585832596 0.01619800552725792 -35.11607360839844 -0.03450709581375122 0.09302163124084473
0.0026087630540132523 0.02179555408656597 -35.18751525878906 -0.04333411529660225 0.08528798073530197
0.0020662229508161545 0.020203158259391785 -34.71390914916992 -0.04058118909597397 0.09578834474086761
0.002435890957713127 0.01898094080388546 -34.9577751159668 -0.03835039958357811 0.10855576395988464
0.004521576687693596 0.018461858853697777 -35.047950744628906 -0.03711333125829697 0.08465360105037689
0.0032523423433303833 0.019653325900435448 -34.61458206176758 -0.04000728949904442 0.11657743155956268
0.002669038251042366 0.022486025467514992 -34.513755798339844 -0.04527131840586662 0.11673389375209808
0.012072959914803505 0.02209181897342205 -35.055519104003906 -0.04454829916357994 0.09070929884910583
0.0015427619218826294 0.026889488101005554 -34.692787170410156 -0.0550139918923378 0.10331113636493683
0.004964212886989117 0.035945530980825424 -35.22412872314453 -0.07312915474176407 0.0732976496219635
0.040585603564977646 0.04434174299240112 -34.91041946411133 -0.08985359966754913 0.09647846221923828
0.01564330980181694 0.05308888107538223 -35.12248992919922 -0.10698951780796051 0.08247466385364532
0.0067212264984846115 0.06069314107298851 -34.9879150390625 -0.12212985754013062 0.08689458668231964
0.0030021853744983673 0.06804769486188889 -35.14624786376953 -0.13639645278453827 0.08816521614789963
0.006776908412575722 0.06907886266708374 -34.862918853759766 -0.13819023966789246 0.08836401253938675
0.012366250157356262 0.06911052763462067 -34.992549896240234 -0.13820895552635193 0.0875638872385025
0.016077904030680656 0.06914656609296799 -35.144866943359375 -0.13829411566257477 0.07963941246271133
0.0017049703747034073 0.06910277903079987 -34.98994064331055 -0.13819359242916107 0.08589084446430206
0.008924951776862144 0.06909095495939255 -35.007408142089844 -0.13817791640758514 0.08416636288166046
0.009395072236657143 0.06907304376363754 -34.82908248901367 -0.1381417214870453 0.08398877084255219
0.0015304554253816605 0.06908027082681656 -35.030052185058594 -0.1381516307592392 0.08128805458545685
0.029411328956484795 0.06908538192510605 -34.993995666503906 -0.1381644755601883 0.09363199770450592
0.012750264257192612 0.06908669322729111 -35.188175201416016 -0.13816562294960022 0.06878209114074707
0.005253318697214127 0.06909850984811783 -35.316585540771484 -0.138190358877182 0.0968809500336647
0.039368826895952225 0.06909706443548203 -35.29071807861328 -0.138188436627388 0.08595722913742065
0.0025605130940675735 0.06910212337970734 -35.25393295288086 -0.13819988071918488 0.06991491466760635
0.02027735859155655 0.06911266595125198 -35.031646728515625 -0.1382216215133667 0.07645969092845917
0.001819053664803505 0.06912282854318619 -34.75991439819336 -0.13824275135993958 0.0726674348115921
0.013578776270151138 0.06913579255342484 -35.07936477661133 -0.138269305229187 0.08704392611980438
0.0013382546603679657 0.06914882361888885 -35.193359375 -0.13829593360424042 0.07533004879951477
0.0033776499330997467 0.06916186213493347 -35.25550842285156 -0.1383223831653595 0.07653890550136566
0.003017142415046692 0.06917456537485123 -35.152183532714844 -0.1383480578660965 0.058276206254959106
0.01216568611562252 0.06918620318174362 -35.30582809448242 -0.1383715122938156 0.06119710952043533
0.0866905078291893 0.06919687241315842 -34.797943115234375 -0.13839295506477356 0.09241202473640442
0.0135794123634696 0.06920645385980606 -35.09873580932617 -0.138412207365036 0.07117403298616409
0.016261165961623192 0.0692150816321373 -35.1683235168457 -0.13842950761318207 0.08090150356292725
0.0018679667264223099 0.06922276318073273 -34.8516845703125 -0.1384449303150177 0.07040541619062424
0.00494796596467495 0.06922956556081772 -34.952205657958984 -0.13845859467983246 0.06879977881908417
0.0009974520653486252 0.06923560053110123 -35.394649505615234 -0.13847070932388306 0.07576455175876617
0.05574902147054672 0.06924092769622803 -34.85649871826172 -0.13848140835762024 0.07987110316753387
0.0014421436935663223 0.06924567371606827 -35.46128463745117 -0.1384909451007843 0.06129740923643112
0.001510854810476303 0.06924989819526672 -35.42308807373047 -0.1384994238615036 0.07067655771970749
0.00642910972237587 0.06925367563962936 -34.768943786621094 -0.13850700855255127 0.08158675581216812
0.0042366525158286095 0.06925704330205917 -35.15807342529297 -0.13851381838321686 0.062439218163490295
0.021764041855931282 0.06926010549068451 -35.012306213378906 -0.13851997256278992 0.07921198010444641
0.007435061037540436 0.06926287710666656 -35.251731872558594 -0.13852554559707642 0.07693010568618774
0.011376326903700829 0.06926539540290833 -35.188201904296875 -0.13853062689304352 0.07971847057342529
0.0011065471917390823 0.06926770508289337 -35.278175354003906 -0.1385352909564972 0.09229093790054321
0.0016528517007827759 0.0692698135972023 -35.08338928222656 -0.13853952288627625 0.0725317969918251
0.006636744365096092 0.0692717432975769 -35.323081970214844 -0.13854341208934784 0.07959352433681488
0.0024521443992853165 0.06927354633808136 -35.00410079956055 -0.13854701817035675 0.0802702084183693
0.010813815519213676 0.06927520781755447 -35.29643249511719 -0.13855038583278656 0.059689924120903015
0.0037256143987178802 0.06927676498889923 -35.08847427368164 -0.13855348527431488 0.06327535957098007
0.017567040398716927 0.06927821040153503 -35.093177795410156 -0.13855640590190887 0.061000652611255646
0.014556162059307098 0.06927958130836487 -35.2066764831543 -0.13855916261672974 0.07311765849590302
0.011699388734996319 0.06928087025880814 -35.14393615722656 -0.13856175541877747 0.07650019973516464
0.009032581001520157 0.06928208470344543 -34.986289978027344 -0.13856418430805206 0.09525817632675171
0.007352570071816444 0.06928323954343796 -35.18346405029297 -0.1385664939880371 0.06577189266681671
0.006871268153190613 0.0692843422293663 -35.19565200805664 -0.1385686993598938 0.06325091421604156
0.01318548247218132 0.06928538531064987 -35.33890151977539 -0.13857078552246094 0.05717628449201584
0.000819377601146698 0.06928636878728867 -35.0572395324707 -0.1385727971792221 0.07365918159484863
0.017454132437705994 0.06928732246160507 -34.914710998535156 -0.13857470452785492 0.06734871119260788
0.000854194164276123 0.0692882314324379 -34.9892463684082 -0.13857650756835938 0.06655343621969223
0.0009552277624607086 0.06928910315036774 -34.94357681274414 -0.13857826590538025 0.0823453813791275
0.0056191906332969666 0.06928994506597519 -35.30295944213867 -0.13857993483543396 0.06238856539130211
0.0004881899803876877 0.06929074972867966 -34.883426666259766 -0.1385815590620041 0.0645313560962677
0.0012248605489730835 0.06929152458906174 -35.25663375854492 -0.13858310878276825 0.051522187888622284
0.012326406314969063 0.06929226964712143 -35.426326751708984 -0.13858459889888763 0.05421523004770279
0.0006977133452892303 0.06929299235343933 -35.24542999267578 -0.13858604431152344 0.06384299695491791
0.009262739680707455 0.06929369270801544 -35.069313049316406 -0.13858745992183685 0.07241935282945633
0.002532513812184334 0.06929437071084976 -35.265289306640625 -0.1385888159275055 0.06035228073596954
0.014432728290557861 0.06929502636194229 -35.1838264465332 -0.13859012722969055 0.06536003947257996
0.002939058467745781 0.06929566711187363 -35.3139762878418 -0.13859139382839203 0.0611296147108078
0.0017654094845056534 0.06929627805948257 -35.22310256958008 -0.13859263062477112 0.06360006332397461
0.0004576556384563446 0.06929688155651093 -35.4025764465332 -0.13859382271766663 0.07956728339195251
0.0004667825996875763 0.06929745525121689 -35.36009979248047 -0.13859497010707855 0.042699940502643585
0.004225442185997963 0.06929802149534225 -34.8165397644043 -0.13859610259532928 0.08483204245567322
0.0027602780610322952 0.06929855793714523 -35.34717559814453 -0.13859717547893524 0.0779060572385788
0.013414660468697548 0.06929909437894821 -34.85386657714844 -0.1385982483625412 0.08068040013313293
0.031554825603961945 0.0692996010184288 -35.280948638916016 -0.13859927654266357 0.0626068264245987
0.0014447607100009918 0.0693001076579094 -35.2771110534668 -0.13860027492046356 0.05028349161148071
0.005177723243832588 0.0693005919456482 -35.15439224243164 -0.13860122859477997 0.06488873064517975
0.012077828869223595 0.0693010613322258 -35.02827072143555 -0.13860218226909637 0.06586584448814392
0.000378534197807312 0.06930152326822281 -35.25304412841797 -0.1386030912399292 0.06431809812784195
0.014138428494334221 0.06930196285247803 -35.13550567626953 -0.13860397040843964 0.06302274763584137
0.005207277834415436 0.06930239498615265 -35.127681732177734 -0.13860483467578888 0.06900718063116074
0.007600611075758934 0.06930281966924667 -35.29441452026367 -0.13860566914081573 0.0681605190038681
0.018227417021989822 0.06930322200059891 -35.41999816894531 -0.1386064887046814 0.05977461487054825
0.004471348598599434 0.06930362433195114 -35.1531867980957 -0.13860729336738586 0.08467713743448257
0.0012115482240915298 0.06930400431156158 -35.10422897338867 -0.13860805332660675 0.06718403100967407
0.001054324209690094 0.06930436939001083 -35.43631362915039 -0.13860879838466644 0.059687986969947815
0.004425236955285072 0.06930474191904068 -35.344112396240234 -0.13860952854156494 0.076575368642807
0.006526061333715916 0.06930508464574814 -35.40293502807617 -0.13861022889614105 0.0813450813293457
0.016712406650185585 0.0693054348230362 -35.36802673339844 -0.13861091434955597 0.07549001276493073
0.001608721911907196 0.06930577009916306 -35.24534606933594 -0.1386115849018097 0.07135158777236938
0.007277794182300568 0.06930609047412872 -35.29380416870117 -0.13861222565174103 0.061860278248786926
0.009694080799818039 0.0693063959479332 -35.19784164428711 -0.13861285150051117 0.061471909284591675
0.0005866922438144684 0.06930669397115707 -35.162681579589844 -0.13861344754695892 0.07084548473358154
0.00231822207570076 0.06930699199438095 -35.39926528930664 -0.13861404359340668 0.057788360863924026
0.017089426517486572 0.06930728256702423 -35.352657318115234 -0.13861460983753204 0.07029659301042557
0.00046321749687194824 0.06930755823850632 -35.42179870605469 -0.13861516118049622 0.07477089762687683
0.0032090991735458374 0.0693078264594078 -34.90504455566406 -0.138615682721138 0.06588144600391388
0.001743309199810028 0.0693080797791481 -35.512351989746094 -0.13861620426177979 0.07346924394369125
0.005603499710559845 0.069308340549469 -35.259952545166016 -0.13861671090126038 0.0760105550289154
0.003108832985162735 0.0693085789680481 -35.174842834472656 -0.13861718773841858 0.07224258780479431
0.0007804743945598602 0.0693088173866272 -35.32278060913086 -0.13861766457557678 0.07123125344514847
0.0008034482598304749 0.0693090483546257 -35.4444580078125 -0.1386181116104126 0.06080241501331329
0.0007260199636220932 0.06930927187204361 -35.30104446411133 -0.1386185735464096 0.05974169075489044
0.047179386019706726 0.06930948793888092 -35.238338470458984 -0.13861899077892303 0.08080343902111053
0.010026058182120323 0.06930968910455704 -35.25033950805664 -0.13861940801143646 0.08212589472532272
0.007984571158885956 0.06930989027023315 -34.759063720703125 -0.1386198103427887 0.06941788643598557
0.0008730031549930573 0.06931008398532867 -35.25934982299805 -0.13862018287181854 0.06506059318780899
0.003626164048910141 0.0693102702498436 -35.047576904296875 -0.13862057030200958 0.07394395768642426
0.003222240135073662 0.06931044906377792 -35.508548736572266 -0.13862092792987823 0.059008143842220306
0.0024612843990325928 0.06931062787771225 -35.299190521240234 -0.1386212855577469 0.05119205266237259
0.002829914912581444 0.06931079924106598 -35.095577239990234 -0.13862161338329315 0.08165405690670013
0.003286316990852356 0.06931095570325851 -35.34683609008789 -0.13862192630767822 0.06935152411460876
0.008962884545326233 0.06931111961603165 -35.26884460449219 -0.13862226903438568 0.055915407836437225
0.05591681972146034 0.06931127607822418 -35.37890625 -0.13862255215644836 0.06485500186681747
0.003843003883957863 0.06931141763925552 -35.01332092285156 -0.13862286508083344 0.059935588389635086
0.002948042005300522 0.06931155920028687 -35.191680908203125 -0.13862314820289612 0.07786647230386734
0.0024667643010616302 0.06931169331073761 -35.016780853271484 -0.1386234015226364 0.06732393801212311
