2.295175790786743 0.07130579650402069 0.43025732040405273 -0.13597224652767181 0.10477462410926819
1.6851435899734497 0.00027360336389392614 -3.4106483459472656 -0.00023540679831057787 0.12366244941949844
1.2118885517120361 1.3338119515537983e-06 -8.848134994506836 -2.0028790004289476e-06 0.15689580142498016
0.9010863304138184 1.0539006325416267e-06 -12.590044021606445 -3.062079258597805e-06 0.18495571613311768
0.7097547054290771 4.118200195080135e-06 -16.144887924194336 -1.1145671123813372e-05 0.22211866080760956
0.5058494806289673 1.611235893506091e-05 -18.389198303222656 -4.073160744155757e-05 0.24057739973068237
0.4581040143966675 6.421338184736669e-05 -19.96068572998047 -0.0001646838936721906 0.2562662959098816
0.3709843158721924 0.0001171838739537634 -22.459518432617188 -0.00024095452681649476 0.26398012042045593
0.3172945976257324 0.0001208749963552691 -24.036874771118164 -0.0002338070480618626 0.2633736729621887
0.27115267515182495 0.00011095574882347137 -25.12662124633789 -0.0002550291537772864 0.2792198359966278
0.30519258975982666 0.0001361431641271338 -25.67044448852539 -0.00025912473211064935 0.2791104018688202
0.20608410239219666 0.00012801893171854317 -26.205307006835938 -0.0002935021766461432 0.29463523626327515
0.20135456323623657 0.00012732767208945006 -28.073070526123047 -0.0002601218584459275 0.29774045944213867
0.14254449307918549 0.00010196196672040969 -27.905664443969727 -0.00024924494209699333 0.2935236096382141
0.1706968992948532 0.00013762367598246783 -29.02172088623047 -0.00033849096507765353 0.29898762702941895
0.0883958712220192 0.00015057018026709557 -29.341022491455078 -0.0003367503813933581 0.29462531208992004
0.11656218767166138 0.00013823369226884097 -29.54168128967285 -0.00031083854264579713 0.3032478094100952
0.05822639912366867 0.00014005720731802285 -29.898456573486328 -0.000312906428007409 0.2980889678001404
0.10031254589557648 0.0001293837558478117 -30.755950927734375 -0.0002972259826492518 0.28558430075645447
0.09838464856147766 0.00017807507538236678 -31.223613739013672 -0.00040835110121406615 0.2753860056400299
0.10918570309877396 0.0001476951438235119 -31.0054931640625 -0.0003435967373661697 0.2816208302974701
0.04878506809473038 0.00019961209909524769 -30.98540496826172 -0.00048324218369089067 0.28431379795074463
0.10354297608137131 0.0001961903035407886 -31.739192962646484 -0.0004235701635479927 0.28666913509368896
0.05431301146745682 0.000218231652979739 -31.719938278198242 -0.0005051348707638681 0.26087161898612976
0.07275928556919098 0.00019631603208836168 -32.2435188293457 -0.00045090107596479356 0.2711874842643738
0.07836566865444183 0.0002144770260201767 -32.42180633544922 -0.000481717026559636 0.26167863607406616
0.12219825387001038 0.0002532287617214024 -32.62030792236328 -0.0005490487674251199 0.2576354742050171
0.055609289556741714 0.0002653788833413273 -32.347511291503906 -0.0005204931949265301 0.24688851833343506
0.1079229786992073 0.00023564994626212865 -33.12907028198242 -0.0005440340610221028 0.25287654995918274
0.06158580631017685 0.0003023027384188026 -33.02800369262695 -0.0006444964674301445 0.24631021916866302
0.01375141367316246 0.00030376616632565856 -33.55303192138672 -0.0007068084669299424 0.2253868281841278
0.023867787793278694 0.0003777667006943375 -33.14235305786133 -0.0008615762344561517 0.23632963001728058
0.050837717950344086 0.0004511018341872841 -33.67805862426758 -0.0010424379725009203 0.23103493452072144
0.05625463277101517 0.000381388992536813 -33.03400802612305 -0.000799350265879184 0.22608783841133118
0.05683862417936325 0.0004363310581538826 -33.34409713745117 -0.0010096420301124454 0.22390520572662354
0.03315066546201706 0.000373622722690925 -33.450748443603516 -0.0008413208997808397 0.22279831767082214
0.07372606545686722 0.0003567070816643536 -33.48057174682617 -0.0007797950529493392 0.22590476274490356
0.05996639281511307 0.00029270569211803377 -33.71140670776367 -0.000667362124659121 0.21004784107208252
0.020520208403468132 0.0004623277054633945 -33.508758544921875 -0.0009826517198234797 0.2051120102405548
0.015803193673491478 0.00046534891589544713 -33.22724914550781 -0.001142956200055778 0.2000746726989746
0.06017320230603218 0.00048728808178566396 -33.299720764160156 -0.0010456627933308482 0.2050582766532898
0.023814857006072998 0.00047416819143109024 -34.293949127197266 -0.0011892179027199745 0.19725364446640015
0.02602236345410347 0.0007050691056065261 -33.790287017822266 -0.0014858382055535913 0.19220119714736938
0.024640968069434166 0.0003988758835475892 -33.92366027832031 -0.0008677869918756187 0.18305781483650208
0.015252960845828056 0.0009378500399179757 -34.400596618652344 -0.0021852036006748676 0.18651697039604187
0.022465189918875694 0.0005402378155849874 -33.71672439575195 -0.001104823313653469 0.18123382329940796
0.011503009125590324 0.0005825349944643676 -34.04885482788086 -0.0013757857959717512 0.18401020765304565
0.02440064214169979 0.0009065037011168897 -34.753074645996094 -0.0022224299609661102 0.18460556864738464
0.023802760988473892 0.000755401561036706 -34.1932487487793 -0.0015963081968948245 0.17652973532676697
0.008723901584744453 0.0006499121082015336 -34.13559341430664 -0.0015164120122790337 0.16196349263191223
0.04105537757277489 0.0007650579209439456 -34.54318618774414 -0.001755267265252769 0.15109509229660034
0.03160902112722397 0.0007859647157602012 -34.39946746826172 -0.0017277427250519395 0.1401137113571167
0.010364300571382046 0.0009375453228130937 -34.519775390625 -0.002157376380637288 0.15404383838176727
0.08118926733732224 0.0012243979144841433 -34.6285514831543 -0.002688272390514612 0.13055036962032318
0.02929013781249523 0.000717721413820982 -34.28086853027344 -0.0016118882922455668 0.1516706943511963
0.016600191593170166 0.0006595994345843792 -33.75357437133789 -0.0015124835772439837 0.13196982443332672
0.025647541508078575 0.000829928379971534 -34.403621673583984 -0.0018467959016561508 0.14997047185897827
0.007853688672184944 0.0009986429940909147 -34.26469421386719 -0.002154323738068342 0.14188046753406525
0.007690837606787682 0.001138505176641047 -34.77897644042969 -0.0024267255794256926 0.15299321711063385
0.007839951664209366 0.0007123542600311339 -34.39227294921875 -0.001635027932934463 0.1365935206413269
0.03661178797483444 0.0012756803771480918 -34.35174560546875 -0.003182569518685341 0.1426713764667511
0.019187912344932556 0.0013347398489713669 -34.56725311279297 -0.0028377899434417486 0.12882503867149353
0.009367299266159534 0.0013363594189286232 -34.937049865722656 -0.0029803889337927103 0.12911337614059448
0.008407474495470524 0.0014428067952394485 -34.83747100830078 -0.0034202763345092535 0.13139186799526215
0.007379220798611641 0.0009099945309571922 -34.708099365234375 -0.002093162387609482 0.11067298799753189
0.002439511939883232 0.001190307317301631 -34.79240798950195 -0.002663325285539031 0.12215672433376312
0.01240167859941721 0.0015775066567584872 -34.9664306640625 -0.0034528709948062897 0.1299736201763153
0.01213854644447565 0.00129916169680655 -34.55603790283203 -0.0029359771870076656 0.12954771518707275
0.028029590845108032 0.0012270578881725669 -34.97291564941406 -0.0027079149149358273 0.1240437775850296
0.0025939196348190308 0.0016178690129891038 -35.090641021728516 -0.003735169069841504 0.12303508818149567
0.007689878344535828 0.002965654246509075 -34.796470642089844 -0.006350075360387564 0.12647895514965057
0.010349087417125702 0.0014081120025366545 -34.72003936767578 -0.003120686858892441 0.12136471271514893
0.009978286921977997 0.0014085356378927827 -34.57245635986328 -0.0031977766193449497 0.12653367221355438
0.003694300539791584 0.0018126752693206072 -34.79045486450195 -0.003988353069871664 0.11530447006225586
0.018184218555688858 0.0018433582736179233 -34.97499084472656 -0.004121244885027409 0.12513309717178345
0.015027298592031002 0.002068264177069068 -35.1140251159668 -0.004734792746603489 0.12954315543174744
0.013233831152319908 0.002560623921453953 -34.4548225402832 -0.005551489535719156 0.1237521767616272
0.0019111745059490204 0.0020634073298424482 -34.814083099365234 -0.004349877592176199 0.1240677684545517
0.06690177321434021 0.0019826663192361593 -34.337501525878906 -0.004203542601317167 0.09851562976837158
0.009495936334133148 0.0031765655148774385 -34.886051177978516 -0.0071389335207641125 0.10250949114561081
0.002172296866774559 0.0026592914946377277 -34.95012283325195 -0.005658681970089674 0.10329648852348328
0.0028418097645044327 0.0028835381381213665 -34.852535247802734 -0.0067458078265190125 0.11484186351299286
0.040589869022369385 0.0028053920250386 -34.69034957885742 -0.0056863995268940926 0.11104680597782135
0.010956856422126293 0.002606187714263797 -34.976165771484375 -0.006116785109043121 0.1024632453918457
0.0011409539729356766 0.003776693483814597 -34.84481430053711 -0.007757639978080988 0.08973991125822067
0.030635906383395195 0.0024654034059494734 -35.0625 -0.005569189786911011 0.09685780853033066
0.0012616626918315887 0.002120908349752426 -35.24639892578125 -0.004862730856984854 0.10201120376586914
0.009922700002789497 0.003919449169188738 -34.72443771362305 -0.008916105143725872 0.09694124758243561
0.0046514179557561874 0.005463952664285898 -34.92172622680664 -0.011450056917965412 0.08281100541353226
0.005690331570804119 0.0037396454717963934 -35.15000915527344 -0.008471133187413216 0.09207329899072647
0.0019080601632595062 0.005167901050299406 -35.341548919677734 -0.010455664247274399 0.07631620764732361
0.002583879977464676 0.003672702005133033 -35.092491149902344 -0.008050383999943733 0.09140564501285553
0.022548314183950424 0.0060135917738080025 -34.93351745605469 -0.013293102383613586 0.074991375207901
0.0023751631379127502 0.005614155903458595 -34.96321487426758 -0.012001770548522472 0.0878482535481453
0.005549157038331032 0.008769093081355095 -35.02096939086914 -0.018009325489401817 0.1073506623506546
0.009394246153533459 0.0041979397647082806 -34.99155807495117 -0.008826538920402527 0.08002863824367523
0.007776153273880482 0.004241735674440861 -35.04456329345703 -0.009143006056547165 0.08345559984445572
0.006340198218822479 0.00721100065857172 -34.88811111450195 -0.01581343077123165 0.08520398288965225
0.036277662962675095 0.009981839917600155 -35.38051986694336 -0.020556602627038956 0.08368923515081406
0.015927430242300034 0.0046636611223220825 -35.361576080322266 -0.009427329525351524 0.07242709398269653
0.008415458723902702 0.00391913577914238 -35.38507843017578 -0.00861456897109747 0.05885821953415871
0.011248020455241203 0.006190791260451078 -35.16440200805664 -0.01262008585035801 0.07876923680305481
0.042828839272260666 0.0044058458879590034 -35.1171875 -0.009230110794305801 0.07681261003017426
0.002469833940267563 0.0037494644057005644 -35.28017044067383 -0.008185048587620258 0.07418736070394516
0.011376844719052315 0.004958121106028557 -35.37596893310547 -0.010634302161633968 0.07770362496376038
0.011339920572936535 0.006053611170500517 -34.897281646728516 -0.013375884853303432 0.06911353766918182
0.002412453293800354 0.008826186880469322 -35.07115936279297 -0.018339714035391808 0.06816552579402924
0.002556394785642624 0.008274449966847897 -35.080596923828125 -0.017377572134137154 0.06953724473714828
0.0028872862458229065 0.010876895859837532 -35.19320297241211 -0.022907106205821037 0.09050639718770981
0.003466285765171051 0.010127290152013302 -34.87662124633789 -0.021160755306482315 0.08487122505903244
0.020024104043841362 0.01422880869358778 -35.17881393432617 -0.030127299949526787 0.07984275370836258
0.0028199274092912674 0.016426222398877144 -35.16482162475586 -0.034230586141347885 0.07753938436508179
0.007241837680339813 0.020887332037091255 -35.06672286987305 -0.04415608569979668 0.05907239019870758
0.009808013215661049 0.027569234371185303 -35.2125129699707 -0.05732632800936699 0.08417560905218124
0.0030375849455595016 0.03969883546233177 -35.109310150146484 -0.0817970409989357 0.06109948456287384
0.003461325541138649 0.052415549755096436 -35.15669631958008 -0.10751103609800339 0.06185408681631088
0.00531851127743721 0.06904971599578857 -35.15028381347656 -0.13823474943637848 0.06366302073001862
0.0054227691143751144 0.06918781995773315 -35.267601013183594 -0.13837486505508423 0.07670119404792786
0.001026056706905365 0.06898266077041626 -35.24601364135742 -0.13791422545909882 0.06205441802740097
0.003798792138695717 0.06911877542734146 -35.20888900756836 -0.1382381021976471 0.050211768597364426
0.00264684297144413 0.06913559138774872 -35.339237213134766 -0.1382763385772705 0.049835436046123505
0.006694059818983078 0.06913989037275314 -35.31113815307617 -0.13827942311763763 0.05418258160352707
0.01217937096953392 0.06916674971580505 -34.83540344238281 -0.13833928108215332 0.06945526599884033
0.017902258783578873 0.06917590647935867 -35.22060775756836 -0.13835734128952026 0.06837885081768036
0.0025432538241147995 0.06918024271726608 -35.2108268737793 -0.1383683681488037 0.05482420325279236
0.0012958291918039322 0.06918611377477646 -35.33125686645508 -0.1383746713399887 0.06717744469642639
0.006822898052632809 0.06918235868215561 -35.13325500488281 -0.1383667290210724 0.06045588105916977
0.02341604419052601 0.06918075680732727 -35.116859436035156 -0.13836301863193512 0.058742351830005646
0.06006366014480591 0.06917878240346909 -35.36654281616211 -0.13836076855659485 0.07127894461154938
0.001054026186466217 0.06918306648731232 -35.389522552490234 -0.13836829364299774 0.06178579479455948
0.007870078086853027 0.06918536871671677 -34.998512268066406 -0.13837365806102753 0.06785096228122711
0.001916244626045227 0.06918995827436447 -35.2029914855957 -0.1383831948041916 0.05550611764192581
0.0067544057965278625 0.06919749826192856 -35.37984848022461 -0.1383984535932541 0.05905744433403015
0.004815923050045967 0.06920627504587173 -35.4168701171875 -0.13841558992862701 0.05521208047866821
0.001563824713230133 0.06921479105949402 -35.50736999511719 -0.13843214511871338 0.05199718475341797
0.023671749979257584 0.06922290474176407 -35.08404541015625 -0.13844802975654602 0.06165173277258873
0.0034296661615371704 0.06923005729913712 -35.36581039428711 -0.13846197724342346 0.059380367398262024
0.004430251196026802 0.06923653930425644 -35.4501953125 -0.13847462832927704 0.0633586123585701
0.0037186313420534134 0.0692422166466713 -35.043670654296875 -0.13848574459552765 0.04438813403248787
0.0009123571217060089 0.06924718618392944 -35.137664794921875 -0.13849547505378723 0.06361034512519836
0.015668220818042755 0.06925147771835327 -35.19664001464844 -0.13850390911102295 0.06109397113323212
0.009327761828899384 0.06925522536039352 -35.29259490966797 -0.13851125538349152 0.06252226233482361
0.0015479624271392822 0.06925850361585617 -35.298648834228516 -0.13851769268512726 0.05677735060453415
0.002817075699567795 0.06926137208938599 -35.23097610473633 -0.13852337002754211 0.059388380497694016
0.010105348192155361 0.06926393508911133 -35.458648681640625 -0.13852842152118683 0.0412093885242939
0.0027536675333976746 0.06926622241735458 -34.87731170654297 -0.13853293657302856 0.05246014893054962
0.006002373062074184 0.06926827877759933 -35.564476013183594 -0.13853700459003448 0.049619145691394806
0.006048768758773804 0.06927015632390976 -35.33742904663086 -0.13854071497917175 0.05947180837392807
0.003539271652698517 0.06927186995744705 -35.14113235473633 -0.13854411244392395 0.06458459794521332
0.004717595875263214 0.0692734494805336 -35.161319732666016 -0.13854722678661346 0.06352371722459793
0.0030226968228816986 0.06927492469549179 -35.44309997558594 -0.13855014741420746 0.047336138784885406
0.0025865621864795685 0.06927629560232162 -35.2484016418457 -0.13855287432670593 0.05566240847110748
0.0037431418895721436 0.0692775696516037 -35.32061004638672 -0.1385554075241089 0.06146124750375748
0.011711111292243004 0.0692787766456604 -35.4371337890625 -0.1385578215122223 0.05128541588783264
0.009153338149189949 0.06927992403507233 -35.43567657470703 -0.13856010138988495 0.044495176523923874
0.029254864901304245 0.06928101181983948 -35.263763427734375 -0.13856224715709686 0.04552846774458885
0.03631723299622536 0.06928204745054245 -35.31353759765625 -0.1385643035173416 0.052941516041755676
0.0021618884056806564 0.06928303092718124 -34.883426666259766 -0.138566255569458 0.0505991131067276
0.012027038261294365 0.06928397715091705 -35.03803253173828 -0.13856814801692963 0.04899054393172264
0.005043121054768562 0.06928489357233047 -35.17976760864258 -0.13856998085975647 0.04821767285466194
0.0014075934886932373 0.06928577274084091 -35.52248764038086 -0.13857172429561615 0.04140810668468475
0.006021639332175255 0.06928661465644836 -35.23412322998047 -0.13857340812683105 0.039137452840805054
0.0012539159506559372 0.06928744167089462 -35.455421447753906 -0.13857506215572357 0.03922814503312111
0.009296001866459846 0.0692882314324379 -35.533470153808594 -0.13857662677764893 0.049043796956539154
0.001028306782245636 0.06928900629281998 -35.41072463989258 -0.1385781615972519 0.05793209373950958
0.007228515110909939 0.06928975135087967 -35.15056228637695 -0.13857965171337128 0.049262575805187225
0.0019027180969715118 0.06929047405719757 -35.464508056640625 -0.1385810822248459 0.03929311782121658
0.009668556973338127 0.06929117441177368 -34.88624954223633 -0.1385824978351593 0.054179899394512177
0.007247660309076309 0.069291852414608 -35.31365966796875 -0.13858385384082794 0.05128990858793259
0.02651354856789112 0.06929252296686172 -34.739234924316406 -0.1385851800441742 0.05172541365027428
0.016492709517478943 0.06929317116737366 -34.86516571044922 -0.13858646154403687 0.03545729070901871
0.030504625290632248 0.0692937970161438 -34.994781494140625 -0.13858771324157715 0.06131646782159805
0.0008069165050983429 0.06929441541433334 -35.44917678833008 -0.13858893513679504 0.047249358147382736
0.0294044092297554 0.0692950040102005 -35.1946907043457 -0.13859012722969055 0.053769275546073914
0.0006944797933101654 0.06929558515548706 -35.373817443847656 -0.13859127461910248 0.03811362385749817
0.006906507536768913 0.06929615885019302 -35.387939453125 -0.1385924071073532 0.04773171246051788
0.0011019948869943619 0.0692967101931572 -35.4324951171875 -0.13859350979328156 0.03404383361339569
0.0008267052471637726 0.06929724663496017 -35.291175842285156 -0.1385945826768875 0.04136507213115692
0.0016808770596981049 0.06929776817560196 -35.35454559326172 -0.1385956108570099 0.034584276378154755
0.004330173134803772 0.06929828226566315 -35.57686996459961 -0.13859663903713226 0.058382824063301086
0.001878533512353897 0.06929876655340195 -35.04653549194336 -0.13859763741493225 0.04055766761302948
0.0014312062412500381 0.06929925829172134 -35.480838775634766 -0.13859859108924866 0.04650339484214783
0.001681998372077942 0.06929973512887955 -35.436405181884766 -0.13859954476356506 0.05851567164063454
0.029560040682554245 0.06930019706487656 -35.494625091552734 -0.13860046863555908 0.047033097594976425
0.009478205814957619 0.06930064409971237 -35.368408203125 -0.13860134780406952 0.0550522580742836
0.008553225547075272 0.06930108368396759 -35.61117935180664 -0.13860224187374115 0.045414604246616364
0.0016521066427230835 0.06930150836706161 -35.00041198730469 -0.1386030912399292 0.04571425914764404
0.0019035153090953827 0.06930192559957504 -35.34102249145508 -0.13860391080379486 0.03738771751523018
0.0033474359661340714 0.06930232793092728 -35.359439849853516 -0.13860471546649933 0.03434915095567703
0.010716011747717857 0.06930273026227951 -35.4786262512207 -0.1386055052280426 0.04328193888068199
0.0015390850603580475 0.06930311024188995 -35.57574462890625 -0.13860628008842468 0.03411664068698883
0.0022765211760997772 0.0693034827709198 -35.45862579345703 -0.13860702514648438 0.03006257489323616
0.0014354083687067032 0.06930384784936905 -35.045406341552734 -0.13860775530338287 0.03983636200428009
0.0008322708308696747 0.0693042054772377 -35.30874252319336 -0.13860845565795898 0.05134471505880356
0.004391360096633434 0.06930454820394516 -35.2385368347168 -0.1386091560125351 0.04020645096898079
0.005475541576743126 0.06930488348007202 -35.13013458251953 -0.13860981166362762 0.046267006546258926
0.012223053723573685 0.06930521875619888 -35.5276985168457 -0.13861048221588135 0.04617869481444359
0.003645414486527443 0.06930553913116455 -35.25723648071289 -0.13861112296581268 0.04852670431137085
0.0040957145392894745 0.06930585205554962 -35.50785446166992 -0.13861174881458282 0.033071406185626984
0.0041169095784425735 0.0693061500787735 -35.38452911376953 -0.13861234486103058 0.03758445009589195
0.0020689181983470917 0.06930644810199738 -35.35326385498047 -0.13861294090747833 0.04306839406490326
0.0018559768795967102 0.06930673122406006 -35.349021911621094 -0.1386134922504425 0.03822227194905281
0.0279680285602808 0.06930700689554214 -35.49599838256836 -0.13861405849456787 0.041413746774196625
0.0019326359033584595 0.06930728256702423 -35.49709701538086 -0.13861458003520966 0.045492447912693024
0.00216861255466938 0.06930754333734512 -35.261810302734375 -0.13861511647701263 0.04132280498743057
0.01090754009783268 0.06930779665708542 -35.41754913330078 -0.13861560821533203 0.05662938207387924
0.004417711868882179 0.06930804252624512 -35.2205810546875 -0.13861611485481262 0.035610344260931015
0.003959614783525467 0.06930828094482422 -35.18897247314453 -0.13861659169197083 0.04068570211529732
0.0016928762197494507 0.06930851191282272 -35.30501937866211 -0.13861706852912903 0.03689657151699066
0.0017039384692907333 0.06930873543024063 -35.21308898925781 -0.13861751556396484 0.04659997299313545
0.0011953972280025482 0.06930895894765854 -35.417449951171875 -0.13861794769763947 0.034529317170381546
0.002184152603149414 0.06930917501449585 -35.521995544433594 -0.1386183798313141 0.0371834821999073
0.004037179052829742 0.06930937618017197 -35.27068328857422 -0.13861878216266632 0.0403580442070961
0.0024265237152576447 0.06930958479642868 -35.173370361328125 -0.13861918449401855 0.05611366033554077
0.0010781139135360718 0.0693097710609436 -35.357913970947266 -0.1386195719242096 0.036663804203271866
0.0019396357238292694 0.06930996477603912 -35.563907623291016 -0.13861994445323944 0.04030618816614151
0.007977791130542755 0.06931014358997345 -35.19647979736328 -0.1386203020811081 0.05196201801300049
0.0017184987664222717 0.06931032240390778 -34.970096588134766 -0.13862065970897675 0.04619569331407547
0.0018189027905464172 0.06931048631668091 -35.37423324584961 -0.1386210024356842 0.028205540031194687
0.0008133836090564728 0.06931065768003464 -35.1290397644043 -0.13862133026123047 0.04020805284380913
0.0014193430542945862 0.06931082159280777 -35.60258102416992 -0.13862167298793793 0.038727834820747375
0.0028187334537506104 0.0693109780550003 -35.236873626708984 -0.1386219710111618 0.05085500329732895
0.0011906474828720093 0.06931111961603165 -35.22515106201172 -0.13862226903438568 0.03393283858895302
0.006442710757255554 0.06931126117706299 -35.06960678100586 -0.13862255215644836 0.03995750471949577
0.0023311544209718704 0.06931140273809433 -35.23015213012695 -0.13862283527851105 0.03707578778266907
0.019190441817045212 0.06931154429912567 -35.32270812988281 -0.13862310349941254 0.04770255461335182
0.002753961831331253 0.06931167840957642 -35.45870590209961 -0.13862335681915283 0.033311739563941956
0.008110828697681427 0.06931179761886597 -35.25455093383789 -0.13862362504005432 0.03804955631494522
0.0015608742833137512 0.06931191682815552 -35.427894592285156 -0.13862386345863342 0.023725517094135284
0.009289486333727837 0.06931203603744507 -35.598297119140625 -0.13862410187721252 0.039034925401210785
0.0019176267087459564 0.06931215524673462 -35.10729217529297 -0.13862431049346924 0.047154687345027924
0.027259191498160362 0.06931226700544357 -35.222679138183594 -0.13862453401088715 0.04001602157950401
0.0008237734436988831 0.06931237131357193 -34.9113883972168 -0.13862474262714386 0.03375846892595291
0.006883654743432999 0.06931246817111969 -35.30585861206055 -0.13862495124340057 0.03700033202767372
0.0017359517514705658 0.06931257247924805 -35.418609619140625 -0.1386251449584961 0.03886803239583969
0.006587776355445385 0.06931266188621521 -35.25733947753906 -0.1386253386735916 0.030864356085658073
0.0011603869497776031 0.06931275129318237 -35.45896530151367 -0.13862551748752594 0.030499670654535294
0.005727315321564674 0.06931284070014954 -35.08823013305664 -0.13862569630146027 0.0427626334130764
0.008396685123443604 0.0693129226565361 -35.40489196777344 -0.1386258602142334 0.03343072906136513
0.0015069246292114258 0.06931300461292267 -35.3737907409668 -0.13862602412700653 0.03427271544933319
0.0014672987163066864 0.06931308656930923 -35.150150299072266 -0.13862618803977966 0.028038695454597473
0.0019583720713853836 0.0693131610751152 -35.40088653564453 -0.1386263221502304 0.034706488251686096
0.002712845802307129 0.06931322813034058 -34.99202346801758 -0.13862647116184235 0.0378420352935791
0.008246967568993568 0.06931330263614655 -35.262977600097656 -0.1386266052722931 0.04405640438199043
0.0003091879189014435 0.06931336969137192 -35.31916427612305 -0.13862673938274384 0.040529027581214905
0.002045128494501114 0.0693134292960167 -35.39946365356445 -0.1386268585920334 0.027083169668912888
0.0050922781229019165 0.06931348890066147 -35.30223846435547 -0.13862697780132294 0.04806877672672272
0.003578372299671173 0.06931354850530624 -35.47710037231445 -0.1386270970106125 0.026472683995962143
0.0050847698003053665 0.06931360810995102 -35.58042526245117 -0.13862721621990204 0.036027345806360245
0.0016891062259674072 0.0693136602640152 -35.39771270751953 -0.1386273354291916 0.054082177579402924
