2.2833189964294434 0.0711449384689331 0.427459716796875 -0.14308278262615204 0.10899544507265091
1.9431082010269165 0.001432175631634891 -1.2224640846252441 -0.0019002642948180437 0.11197683215141296
1.6017886400222778 2.2864820493850857e-05 -2.6200175285339355 -4.523684037849307e-05 0.12388215959072113
1.395532488822937 1.6181693354155868e-05 -5.009571075439453 -4.2490708437981084e-05 0.13876521587371826
1.178673267364502 2.105898420268204e-05 -8.046953201293945 -5.872506881132722e-05 0.15043455362319946
1.0103566646575928 5.525694723473862e-05 -10.957306861877441 -0.00010088126146001741 0.17262335121631622
0.9582616686820984 8.91448071342893e-05 -12.866504669189453 -0.0001602927513886243 0.1947695016860962
0.9512342810630798 8.369262650376186e-05 -14.15296745300293 -0.00018970789096783847 0.2094329297542572
0.7941201329231262 0.00011009810259565711 -15.171693801879883 -0.0002510447520762682 0.21118956804275513
0.5426928400993347 0.00011377730697859079 -16.8933048248291 -0.0002208462537964806 0.22108344733715057
0.6131654381752014 9.158062312053517e-05 -17.524980545043945 -0.00019783990865107626 0.24028895795345306
0.5602330565452576 0.0001008961844490841 -19.005634307861328 -0.00020795823365915567 0.24883368611335754
0.466818243265152 8.178877033060417e-05 -19.630573272705078 -0.00017030710296239704 0.25282949209213257
0.4355733394622803 9.04551925486885e-05 -21.31093978881836 -0.00020523332932498306 0.25674542784690857
0.4301748275756836 8.799611532595009e-05 -21.5476016998291 -0.0001906347315525636 0.2616085112094879
0.3672240078449249 0.00010025130904978141 -22.313858032226562 -0.0002475148066878319 0.26743894815444946
0.3719468414783478 8.184823673218489e-05 -23.501428604125977 -0.0001836187730077654 0.2734405994415283
0.37504222989082336 7.816428114892915e-05 -25.01132583618164 -0.00019849812088068575 0.2727697193622589
0.32519251108169556 9.405288437847048e-05 -25.195981979370117 -0.00019578040519263595 0.28059542179107666
0.25123029947280884 7.375650602625683e-05 -25.676050186157227 -0.00017242848116438836 0.27785077691078186
0.29745689034461975 8.255138527601957e-05 -25.804073333740234 -0.0002109481574734673 0.2956097424030304
0.1806047111749649 8.628539944766089e-05 -26.385526657104492 -0.00018667416588868946 0.29004472494125366
0.12212241441011429 0.00010450048284837976 -27.26858139038086 -0.00023292777768801898 0.28385788202285767
0.18217504024505615 9.170605335384607e-05 -27.912927627563477 -0.00019820577290374786 0.29863595962524414
0.23719196021556854 8.906237781047821e-05 -27.751264572143555 -0.00020479588420130312 0.29138094186782837
0.13670919835567474 0.00010491762077435851 -27.85441017150879 -0.00021769599698018283 0.2882980406284332
0.11616971343755722 8.986202738014981e-05 -28.44517707824707 -0.00019704301666934043 0.28938421607017517
0.14932845532894135 0.0001005914164124988 -29.168617248535156 -0.00023276428692042828 0.29287323355674744
0.09249159693717957 9.470868826610968e-05 -29.373517990112305 -0.00018830322369467467 0.29029300808906555
0.13232161104679108 9.093561675399542e-05 -29.537778854370117 -0.00021313948673196137 0.29068654775619507
0.21556323766708374 0.00011940288823097944 -29.528770446777344 -0.00028342250152491033 0.28551924228668213
0.1633772850036621 0.00011216640996281058 -29.943851470947266 -0.00024044544261414558 0.28367310762405396
0.13167236745357513 0.00010662888962542638 -29.99674415588379 -0.0002570445358287543 0.2873871624469757
0.14663146436214447 0.00011866981367347762 -30.333341598510742 -0.00024380118702538311 0.2848719656467438
0.08997616171836853 0.00010117710189661011 -30.261852264404297 -0.0002412500325590372 0.2845720052719116
0.0997096598148346 0.0001381770707666874 -30.254507064819336 -0.0003145304217468947 0.28293901681900024
0.062050409615039825 0.0001116753337555565 -30.97356414794922 -0.00024077082343865186 0.2958106994628906
0.1041412353515625 0.00011273013660684228 -30.78176498413086 -0.000260648550465703 0.27203667163848877
0.06972979009151459 0.00015282146341633052 -31.279409408569336 -0.00032768293749541044 0.27470147609710693
0.05779751390218735 0.00016784625768195838 -31.04250144958496 -0.00033324406831525266 0.2820470929145813
0.05521862953901291 0.000128038547700271 -31.620325088500977 -0.00031180615769699216 0.2736692726612091
0.07211107760667801 0.00015766013530083 -30.8778133392334 -0.00038640183629468083 0.2743602991104126
0.05759530887007713 0.00015076927957125008 -31.976764678955078 -0.0002985265455208719 0.27629354596138
0.13228179514408112 0.0001765852648532018 -32.21577453613281 -0.00036876258673146367 0.2664790749549866
0.07977814972400665 0.00014686844951938838 -31.617799758911133 -0.0002991677029058337 0.2625874876976013
0.038017965853214264 0.0001768225192790851 -32.1120719909668 -0.0003988079843111336 0.26519134640693665
0.04908542335033417 0.00015021422586869448 -31.87149429321289 -0.0003175988094881177 0.260718435049057
0.07468170672655106 0.00019455976143945009 -31.780736923217773 -0.00043794899829663336 0.260824978351593
0.07009266316890717 0.00020879977091681212 -32.14252471923828 -0.00044095321209169924 0.26084795594215393
0.06161478906869888 0.00015081580204423517 -31.976383209228516 -0.0003488000947982073 0.2578763961791992
0.09425149857997894 0.00017335113079752773 -32.48820114135742 -0.0003711653989739716 0.2616577446460724
0.04288937523961067 0.00020969654724467546 -32.52448654174805 -0.00044240240822546184 0.2427675724029541
0.05481676384806633 0.00018495107360649854 -32.36217498779297 -0.000402435107389465 0.26671215891838074
0.020731246098876 0.00016533362213522196 -32.60091018676758 -0.0003906798083335161 0.2543768882751465
0.043211352080106735 0.00018344582349527627 -32.812294006347656 -0.0003920290619134903 0.2587771713733673
0.035480305552482605 0.00023319106549024582 -32.86829376220703 -0.0004971676389686763 0.25847548246383667
0.05145666003227234 0.0002371919108554721 -32.562686920166016 -0.0005287681124173105 0.246554434299469
0.03343448415398598 0.00021347608708310872 -32.83661651611328 -0.0004398639721330255 0.24622705578804016
0.040511809289455414 0.00020782909996341914 -33.134765625 -0.0004773899563588202 0.2328031063079834
0.03774423152208328 0.00022307173640001565 -33.34266662597656 -0.0004165469144936651 0.22352418303489685
0.03902558609843254 0.00028749144985340536 -33.38570022583008 -0.0006084429332986474 0.22839844226837158
0.013314574956893921 0.00022890414402354509 -33.057769775390625 -0.0004889443516731262 0.22627170383930206
0.02029525302350521 0.00027453998336568475 -33.57239532470703 -0.000674363283906132 0.23798266053199768
0.017180856317281723 0.00021146312064956874 -33.59346008300781 -0.00047321486636064947 0.2160409688949585
0.0286740530282259 0.0002712646091822535 -33.384849548339844 -0.000575742800720036 0.21030445396900177
0.02267373353242874 0.00027235987363383174 -33.80921173095703 -0.0005428124568425119 0.22498413920402527
0.027796786278486252 0.00024708049022592604 -33.77703094482422 -0.0005214913398958743 0.20622822642326355
0.05845683068037033 0.00022478816390503198 -33.593135833740234 -0.000503676594235003 0.21641117334365845
0.055579449981451035 0.0002933607902377844 -33.93622970581055 -0.000634127645753324 0.207749605178833
0.031000593677163124 0.0002890791220124811 -33.66094207763672 -0.0006112129776738584 0.1933463215827942
0.020129211246967316 0.0002765291428659111 -33.84866714477539 -0.0006518620648421347 0.21136075258255005
0.060150619596242905 0.0003908611834049225 -33.77309036254883 -0.0007540793158113956 0.2117001861333847
0.014309827238321304 0.00038216382381506264 -34.182769775390625 -0.0007879740442149341 0.211002916097641
0.032808367162942886 0.00028477731393650174 -33.96539306640625 -0.0006092657567933202 0.21239465475082397
0.02498762123286724 0.0003680208756122738 -34.127174377441406 -0.0007677797111682594 0.18937230110168457
0.04028462618589401 0.00035049996222369373 -33.86754608154297 -0.0007214187644422054 0.19855591654777527
0.02481897920370102 0.00034460355527698994 -33.89242935180664 -0.0007254428346641362 0.1959984302520752
0.027720674872398376 0.0003645482938736677 -34.15617752075195 -0.0007800981402397156 0.20465245842933655
0.03602170944213867 0.00039639006718061864 -33.970245361328125 -0.0008269852260127664 0.18564650416374207
0.02576691284775734 0.00043661193922162056 -33.75790786743164 -0.000890561321284622 0.1854105442762375
0.04733660817146301 0.00036880403058603406 -33.728878021240234 -0.0009091365500353277 0.17079751193523407
0.01910635270178318 0.0004726621264126152 -33.7870979309082 -0.0009466448682360351 0.17127424478530884
0.017299171537160873 0.0003922912001144141 -33.95116424560547 -0.0008697136654518545 0.16425669193267822
0.011425473727285862 0.00043387440382502973 -34.0440788269043 -0.0009677818161435425 0.16792625188827515
0.030985862016677856 0.0004994979244656861 -33.91673278808594 -0.0011117500253021717 0.1859973520040512
0.011792268604040146 0.0005132058286108077 -34.2838134765625 -0.0010728375054895878 0.1777367889881134
0.018427224829792976 0.0005324517260305583 -34.23349380493164 -0.001119696069508791 0.1846432089805603
0.0066946446895599365 0.0005258951568976045 -34.2070198059082 -0.0010955684119835496 0.17961779236793518
0.015820607542991638 0.00047273311065509915 -34.68269348144531 -0.0010387870715931058 0.17458653450012207
0.029283717274665833 0.0005047397571615875 -34.19313049316406 -0.0010498225456103683 0.17172454297542572
0.011374527588486671 0.0005624262848868966 -34.6762580871582 -0.0013484801165759563 0.15967006981372833
0.029916658997535706 0.0005859170341864228 -34.63901138305664 -0.0012653606245294213 0.16410775482654572
0.024929633364081383 0.0006140836630947888 -34.50519561767578 -0.0011750509729608893 0.15699060261249542
0.008500408381223679 0.0004539969377219677 -34.48237991333008 -0.0009888308122754097 0.15748338401317596
0.009648548439145088 0.0006147697567939758 -34.18180465698242 -0.0012674990575760603 0.18587802350521088
0.01580377295613289 0.0005564704770222306 -34.487274169921875 -0.0011635998962447047 0.15827800333499908
0.011056602001190186 0.0006050633382983506 -33.987491607666016 -0.0011545084416866302 0.1614137887954712
0.006153104826807976 0.0006592117133550346 -34.70307159423828 -0.0014105613809078932 0.1456206887960434
0.018201593309640884 0.0006253747269511223 -34.29378890991211 -0.0012653281446546316 0.16633746027946472
0.002067605033516884 0.0006140769110061228 -34.51249694824219 -0.0013178562512621284 0.1585131585597992
0.006337620317935944 0.0005075864610262215 -34.57476806640625 -0.0010753384558483958 0.1616136133670807
0.008280273526906967 0.0006209606071934104 -34.88593673706055 -0.0012815872905775905 0.14911170303821564
0.02985973469913006 0.0008070429903455079 -34.447078704833984 -0.0016407392686232924 0.14642192423343658
0.02872072346508503 0.0006844112067483366 -34.01352310180664 -0.0014516819501295686 0.1418563723564148
0.007237104699015617 0.0005733210709877312 -34.65435791015625 -0.0012785233557224274 0.1540209800004959
0.003044845536351204 0.0007456773892045021 -34.91566467285156 -0.0015002198051661253 0.14924609661102295
0.002534136176109314 0.0005767697584815323 -34.329566955566406 -0.0011842428939417005 0.13712860643863678
0.020564716309309006 0.0007399741443805397 -34.19608688354492 -0.0015936968848109245 0.139657124876976
0.01069527119398117 0.000881809217389673 -34.59286117553711 -0.0017104166327044368 0.13980820775032043
0.013558289967477322 0.0007539727375842631 -34.7349739074707 -0.0015966749051585793 0.15309904515743256
0.017885390669107437 0.0007686069002375007 -35.19203567504883 -0.0015767802251502872 0.14438050985336304
0.00657632015645504 0.0008067162707448006 -34.6209716796875 -0.0016982328379526734 0.1535387635231018
0.02605326473712921 0.0009361865813843906 -34.43437194824219 -0.0019483373034745455 0.142659991979599
0.0018329042941331863 0.0009695873013697565 -34.86274337768555 -0.0019718462135642767 0.14280299842357635
0.006627252325415611 0.0009334256174042821 -34.82424545288086 -0.0019295720849186182 0.12574046850204468
0.006431778892874718 0.0008564870222471654 -34.98707580566406 -0.0017276015132665634 0.14137443900108337
0.010441311635077 0.0007489495910704136 -34.8902702331543 -0.0016113969031721354 0.1345733404159546
0.001173418015241623 0.0009584210929460824 -34.85688781738281 -0.0019326966721564531 0.1331903040409088
0.0027690082788467407 0.0007892947760410607 -35.01901626586914 -0.0015855918172746897 0.11785644292831421
0.006621967069804668 0.0008952839416451752 -34.80829620361328 -0.0018597968155518174 0.11504270136356354
0.0072968099266290665 0.0010108969872817397 -35.00011444091797 -0.002130121225491166 0.12827667593955994
0.005897415801882744 0.0009144658106379211 -34.61279296875 -0.0018971152603626251 0.1256183534860611
0.003079395741224289 0.0009029546054080129 -34.74906539916992 -0.0019477676833048463 0.12686634063720703
0.0029769930988550186 0.0010397016303613782 -34.9639778137207 -0.0021952867973595858 0.11033640801906586
0.005971042439341545 0.0009387127938680351 -34.419307708740234 -0.001941884751431644 0.14795008301734924
0.010630769655108452 0.0008846033597365022 -34.86686325073242 -0.0018621552735567093 0.12242308259010315
0.011388903483748436 0.0008918734383769333 -35.14619445800781 -0.0018059579888358712 0.10479788482189178
0.0031175371259450912 0.0007887430838309228 -34.866336822509766 -0.0017037121579051018 0.11698569357395172
0.005958396941423416 0.0008471756591461599 -35.049888610839844 -0.0017341970233246684 0.13101211190223694
0.006068497896194458 0.000877746322657913 -34.938720703125 -0.0019449268002063036 0.13734067976474762
0.0303859394043684 0.001167708425782621 -35.21158218383789 -0.002544828923419118 0.12044350802898407
0.001595906913280487 0.0012179635232314467 -35.260108947753906 -0.002519013127312064 0.10377439856529236
0.01232118345797062 0.0010071450378745794 -34.5816764831543 -0.0020848745480179787 0.13134287297725677
0.01648430898785591 0.0010455988813191652 -34.774436950683594 -0.0021437599789351225 0.11595012992620468
0.013766763731837273 0.0010502804070711136 -34.95635223388672 -0.002187111182138324 0.10818709433078766
0.002273866906762123 0.0012018729466944933 -35.12749481201172 -0.00241727358661592 0.10338228940963745
0.016322219744324684 0.0013660603435710073 -34.76219177246094 -0.0029397387988865376 0.11662870645523071
0.014966408722102642 0.0013764003524556756 -35.058956146240234 -0.00285739335231483 0.1143084168434143
0.003978205844759941 0.0012575694127008319 -34.8692626953125 -0.0025290311314165592 0.10763408243656158
0.008356589823961258 0.0011206722119823098 -35.044437408447266 -0.002409018576145172 0.10897241532802582
0.0009044557809829712 0.0012910465011373162 -34.915992736816406 -0.002631665673106909 0.12098933756351471
0.005633683875203133 0.0011748814722523093 -35.325382232666016 -0.0022761288564652205 0.11958208680152893
0.0034785810858011246 0.001308712991885841 -34.72739791870117 -0.002766524674370885 0.10318528115749359
0.007319481112062931 0.0014620607253164053 -34.8941650390625 -0.003124095033854246 0.11232751607894897
0.002951584756374359 0.0015503123868256807 -35.09337615966797 -0.003148969728499651 0.1037176176905632
0.006140522658824921 0.0013897883472964168 -35.02839279174805 -0.0029552464839071035 0.09632676839828491
0.006881162524223328 0.0016329962527379394 -35.24126434326172 -0.0033793689217418432 0.10739615559577942
0.0014245584607124329 0.0015695244073867798 -34.886104583740234 -0.003343353047966957 0.10245321691036224
0.008096044883131981 0.0015502501046285033 -34.694210052490234 -0.003203383181244135 0.10562391579151154
0.006791403517127037 0.0016975917387753725 -35.0822639465332 -0.003675574203953147 0.10739828646183014
0.0070043811574578285 0.0017316509038209915 -35.27726745605469 -0.0036194787826389074 0.10772092640399933
0.018862823024392128 0.0015356115764006972 -34.875213623046875 -0.0030842048581689596 0.1018327921628952
0.014341983944177628 0.0018486373592168093 -35.02384948730469 -0.003936492372304201 0.11838500201702118
0.004640396684408188 0.00200391816906631 -35.1302604675293 -0.0042084562592208385 0.09362731873989105
0.017858050763607025 0.0020099503453820944 -35.23801040649414 -0.004203432239592075 0.10249616950750351
0.0009144097566604614 0.0020214931573718786 -35.22483444213867 -0.004120314493775368 0.09225770831108093
0.0038914792239665985 0.001954335719347 -35.01374053955078 -0.004039823543280363 0.10203379392623901
0.0032962728291749954 0.0019257845124229789 -35.005184173583984 -0.0039322227239608765 0.1016014814376831
0.0027765482664108276 0.002171361120417714 -34.96622085571289 -0.004502793308347464 0.09672175347805023
0.0019668377935886383 0.002314304932951927 -35.05449295043945 -0.004890844225883484 0.11031360924243927
0.007184755057096481 0.003026694990694523 -34.88804626464844 -0.006325823720544577 0.10314077138900757
0.00521988095715642 0.0029747458174824715 -35.0815315246582 -0.0059515624307096004 0.09592238068580627
0.007427651435136795 0.0025684149004518986 -35.10131072998047 -0.0052177696488797665 0.10132172703742981
0.0035099247470498085 0.002400266705080867 -35.068077087402344 -0.004888192750513554 0.09334772825241089
0.018704041838645935 0.0021655187010765076 -35.16241455078125 -0.004336376674473286 0.0793246328830719
0.0049110352993011475 0.0020403985399752855 -35.00908279418945 -0.00433371402323246 0.10164967179298401
0.004894128069281578 0.0028400386217981577 -34.928184509277344 -0.005832989234477282 0.09308015555143356
0.0048301806673407555 0.002864431357011199 -34.90745162963867 -0.005965584423393011 0.08616115897893906
0.005607562139630318 0.0034933693241328 -35.28899383544922 -0.007040976081043482 0.08459645509719849
0.003524046391248703 0.0032707916107028723 -34.98779296875 -0.006399919278919697 0.08517336845397949
0.0020821429789066315 0.003063311567530036 -34.80443572998047 -0.006309730000793934 0.0758892372250557
0.005541730672121048 0.0033518043346703053 -35.20401382446289 -0.006912045180797577 0.0716901645064354
0.00037809088826179504 0.0030028128530830145 -34.965511322021484 -0.006222384516149759 0.08592735230922699
0.006193820387125015 0.003080974565818906 -35.00392532348633 -0.00633265683427453 0.09152529388666153
0.003087814897298813 0.003811849979683757 -35.37456130981445 -0.007642795331776142 0.0872456431388855
0.0011323615908622742 0.0036716721951961517 -34.998497009277344 -0.007385224103927612 0.08286942541599274
0.004558177664875984 0.003536615986377001 -35.360260009765625 -0.007051824126392603 0.0721210390329361
0.00935592595487833 0.003143029985949397 -35.182525634765625 -0.006300598382949829 0.07421992719173431
0.003820938989520073 0.0030208840034902096 -35.37132263183594 -0.006297891028225422 0.081044502556324
0.003757641650736332 0.0034163978416472673 -35.36347961425781 -0.006999905686825514 0.070938840508461
0.003937499597668648 0.0033661152701824903 -35.25748825073242 -0.006913782563060522 0.07731179893016815
0.04825166240334511 0.003121371613815427 -35.21546936035156 -0.006304093636572361 0.0750441700220108
0.009604152292013168 0.0031297937966883183 -35.14148712158203 -0.0064404974691569805 0.08670536428689957
0.006417242810130119 0.0035661880392581224 -34.94779586791992 -0.007156167179346085 0.07619854062795639
0.002945106476545334 0.0033410643227398396 -35.32010269165039 -0.006846399512141943 0.08242365717887878
0.0039006080478429794 0.0034184460528194904 -35.3007926940918 -0.0070734391920268536 0.07971873879432678
0.0026832185685634613 0.004350522067397833 -35.32743835449219 -0.00887155532836914 0.05936902016401291
0.002504926174879074 0.004601053893566132 -35.110496520996094 -0.009313180111348629 0.07767728716135025
0.006350008305162191 0.004629116039723158 -35.3469352722168 -0.009260306134819984 0.06971976161003113
0.002550218254327774 0.005265016108751297 -34.95382308959961 -0.01089453138411045 0.08512735366821289
0.0028213057667016983 0.005040941759943962 -35.27822494506836 -0.01012990903109312 0.05903851240873337
0.0010442696511745453 0.004979781806468964 -35.45064926147461 -0.010106513276696205 0.0670112818479538
0.0008377283811569214 0.004883799701929092 -35.270774841308594 -0.009743034839630127 0.07611403614282608
0.011515667662024498 0.00417092302814126 -35.123687744140625 -0.008474456146359444 0.06747036427259445
0.003754863515496254 0.003989711869508028 -35.14115905761719 -0.008168506436049938 0.07778319716453552
0.002591073513031006 0.004146543797105551 -35.36412048339844 -0.008298796601593494 0.06424836814403534
0.004168882966041565 0.004520358983427286 -35.16340637207031 -0.009305940009653568 0.06813181936740875
0.0010670721530914307 0.005289115011692047 -35.33185958862305 -0.01065239030867815 0.06869730353355408
0.0033582989126443863 0.004898951854556799 -35.22174072265625 -0.009780307300388813 0.0728626400232315
0.003264550119638443 0.004558608401566744 -35.240509033203125 -0.009348823688924313 0.06562643498182297
0.012771924957633018 0.005369595717638731 -35.21832275390625 -0.011225811205804348 0.06898701936006546
0.0011207107454538345 0.007091407664120197 -35.001220703125 -0.014537413604557514 0.08022367209196091
0.004457008093595505 0.008194602094590664 -35.230796813964844 -0.016801444813609123 0.07588928937911987
0.0056395940482616425 0.009464843198657036 -35.29912567138672 -0.019235266372561455 0.06507904827594757
0.01224895566701889 0.009130734950304031 -35.37242126464844 -0.018405184149742126 0.07244866341352463
0.005819961428642273 0.008680084720253944 -35.219970703125 -0.017556965351104736 0.05939066410064697
0.03137655928730965 0.009296865202486515 -35.12118911743164 -0.018622344359755516 0.07260718196630478
0.0036253221333026886 0.009114078246057034 -35.37842559814453 -0.018412718549370766 0.06930196285247803
0.0009900778532028198 0.011302530765533447 -35.37449645996094 -0.023303499445319176 0.05761785805225372
0.009780611842870712 0.014649726450443268 -35.49555969238281 -0.029812905937433243 0.049418650567531586
0.015255488455295563 0.01740209199488163 -35.31540298461914 -0.035549696534872055 0.057897813618183136
0.002200465649366379 0.0214416291564703 -35.36812973022461 -0.0432402528822422 0.05200093984603882
0.0011605825275182724 0.023080749437212944 -35.26541519165039 -0.04659077525138855 0.07019450515508652
0.003446720540523529 0.026619458571076393 -35.53362274169922 -0.053810395300388336 0.06956517696380615
0.004165366291999817 0.031822334975004196 -35.03310012817383 -0.0644335001707077 0.0599728599190712
0.0017901044338941574 0.03874968737363815 -35.2452392578125 -0.07822074741125107 0.06645449995994568
0.005151538178324699 0.045707326382398605 -35.22452163696289 -0.0920930877327919 0.056043148040771484
0.005060283467173576 0.05523967742919922 -35.381072998046875 -0.11203767359256744 0.06831224262714386
0.0016684364527463913 0.06904446333646774 -35.37769317626953 -0.13815389573574066 0.05373300611972809
0.0030992012470960617 0.0691002830862999 -35.011695861816406 -0.13820116221904755 0.06794466078281403
0.004923572763800621 0.06904001533985138 -35.22978973388672 -0.13805650174617767 0.06204899400472641
0.01235184259712696 0.06909526139497757 -35.2833137512207 -0.13820074498653412 0.050634294748306274
0.00178435817360878 0.06910344958305359 -35.17633056640625 -0.13821852207183838 0.05485304072499275
0.0017238110303878784 0.06910838186740875 -35.202030181884766 -0.13823412358760834 0.05637052655220032
0.004659760743379593 0.06912138313055038 -35.4034309387207 -0.13824376463890076 0.058227065950632095
0.002975093200802803 0.06911974400281906 -35.17146682739258 -0.13825450837612152 0.05544350668787956
0.010832589119672775 0.06911257654428482 -35.04641342163086 -0.13823094964027405 0.052221037447452545
0.026893973350524902 0.06912358850240707 -35.364051818847656 -0.13824677467346191 0.042342908680438995
0.00106038898229599 0.06913470476865768 -35.529090881347656 -0.13827139139175415 0.052369389683008194
0.003670469857752323 0.06913686543703079 -35.449886322021484 -0.1382790356874466 0.0449836403131485
0.002170329913496971 0.06913986057043076 -34.76482009887695 -0.13828463852405548 0.06407724320888519
0.038460444658994675 0.06913634389638901 -35.4537353515625 -0.1382783204317093 0.05094761401414871
0.005140908062458038 0.06913978606462479 -35.00371551513672 -0.13828325271606445 0.0670774057507515
0.002760188654065132 0.06913866102695465 -35.0196647644043 -0.1382760852575302 0.06106673181056976
0.007710202131420374 0.06913488358259201 -35.33184814453125 -0.13827207684516907 0.056041933596134186
0.0024540647864341736 0.06913262605667114 -35.18870162963867 -0.138267382979393 0.06043534725904465
0.0021290909498929977 0.06912856549024582 -35.25994110107422 -0.13825826346874237 0.04291459918022156
0.0007830597460269928 0.06911839544773102 -35.2828254699707 -0.13823918998241425 0.057931214570999146
0.0019900910556316376 0.06911676377058029 -35.086055755615234 -0.13822723925113678 0.07593373209238052
0.004634782671928406 0.06910651177167892 -35.287662506103516 -0.1382068246603012 0.04409147426486015
0.0015304237604141235 0.06909352540969849 -35.07853317260742 -0.13818013668060303 0.047342248260974884
0.0013968348503112793 0.06908692419528961 -35.27179718017578 -0.138166144490242 0.04433998093008995
0.001788642257452011 0.06908020377159119 -35.34126663208008 -0.1381448358297348 0.045120928436517715
0.009237483143806458 0.0690634623169899 -35.349483489990234 -0.13811169564723969 0.04890426993370056
0.0006218850612640381 0.06904108077287674 -35.11759567260742 -0.1380671113729477 0.05335332825779915
0.006637943908572197 0.06902047246694565 -35.33341979980469 -0.13802605867385864 0.05352788418531418
0.006150274537503719 0.06900050491094589 -35.47013473510742 -0.13798730075359344 0.05273216590285301
0.0012639611959457397 0.06897937506437302 -35.338626861572266 -0.13794726133346558 0.05355023965239525
0.003354933112859726 0.06896296888589859 -35.54707717895508 -0.13791602849960327 0.04572523385286331
0.0035455040633678436 0.06895416229963303 -35.32233428955078 -0.1379009336233139 0.05007696896791458
0.010425837710499763 0.06895294040441513 -35.33372497558594 -0.13789963722229004 0.03362421691417694
0.009374052286148071 0.06895695626735687 -35.26875686645508 -0.137908935546875 0.05380765348672867
0.0006672404706478119 0.06896406412124634 -35.24344253540039 -0.13792364299297333 0.04204914718866348
0.0004941746592521667 0.06897338479757309 -35.44657516479492 -0.1379426270723343 0.057266417890787125
0.001246986910700798 0.06898386031389236 -35.35892868041992 -0.13796377182006836 0.05195567011833191
0.001103980466723442 0.06899552792310715 -35.20842361450195 -0.13798744976520538 0.04587096720933914
0.011291149072349072 0.06900771707296371 -34.93207550048828 -0.13801193237304688 0.04690507799386978
0.010426503606140614 0.069020114839077 -34.55278396606445 -0.13803692162036896 0.06177796423435211
0.006153317168354988 0.06903233379125595 -35.1573486328125 -0.13806143403053284 0.04747634753584862
0.02422766014933586 0.06904423236846924 -35.061370849609375 -0.13808532059192657 0.04227866232395172
0.0035088416188955307 0.06905575096607208 -35.24105453491211 -0.13810840249061584 0.05079243704676628
0.0025912337005138397 0.06906677037477493 -35.174198150634766 -0.1381305307149887 0.050404295325279236
0.003283657133579254 0.06907732784748077 -35.52925491333008 -0.13815167546272278 0.04514627158641815
0.0062105730175971985 0.06908734142780304 -35.386539459228516 -0.13817177712917328 0.05334412306547165
0.0011689439415931702 0.06909685581922531 -35.52058792114258 -0.1381908506155014 0.046256840229034424
0.0037795957177877426 0.06910582631826401 -35.484840393066406 -0.13820888102054596 0.0443432480096817
0.0017150919884443283 0.0691143050789833 -35.43815612792969 -0.13822589814662933 0.039864927530288696
0.0024423692375421524 0.06912227720022202 -35.35655212402344 -0.13824191689491272 0.05131131038069725
0.0020038653165102005 0.06912980228662491 -35.34685134887695 -0.13825702667236328 0.04935528710484505
0.0010655596852302551 0.06913688033819199 -35.18925476074219 -0.1382712572813034 0.04264744371175766
0.0006162337958812714 0.06914353370666504 -35.45672607421875 -0.13828463852405548 0.054756730794906616
0.0035786740481853485 0.06914978474378586 -35.423030853271484 -0.13829723000526428 0.04700454697012901
0.004606420174241066 0.06915567070245743 -35.47764205932617 -0.13830909132957458 0.04608701914548874
0.0012575704604387283 0.06916120648384094 -35.4029426574707 -0.13832023739814758 0.03862590342760086
0.0018252655863761902 0.06916641443967819 -35.21089172363281 -0.13833072781562805 0.04596588760614395
0.00042922794818878174 0.06917130947113037 -34.87098693847656 -0.13834059238433838 0.042344000190496445
0.011480025015771389 0.06917591392993927 -35.2537956237793 -0.13834990561008453 0.05460885167121887
0.0017707087099552155 0.06918025761842728 -35.376399993896484 -0.1383586823940277 0.04262824356555939
0.013420144096016884 0.06918435543775558 -35.600528717041016 -0.1383669674396515 0.04334384575486183
0.0028470084071159363 0.06918822973966599 -35.503570556640625 -0.13837477564811707 0.0510072186589241
0.0014798603951931 0.06919188797473907 -35.469364166259766 -0.1383821815252304 0.039366528391838074
0.0032476969063282013 0.06919534504413605 -35.323787689208984 -0.13838918507099152 0.03567257523536682
0.0018058232963085175 0.0691986232995987 -35.32880401611328 -0.13839581608772278 0.034121960401535034
0.0007277689874172211 0.06920173019170761 -35.06429672241211 -0.13840210437774658 0.05075373500585556
0.0050860121846199036 0.06920468807220459 -35.3550910949707 -0.1384080946445465 0.041764549911022186
0.0022633783519268036 0.06920748949050903 -35.13873291015625 -0.13841377198696136 0.033958956599235535
0.0013172570616006851 0.06921015679836273 -35.43179702758789 -0.13841916620731354 0.03900287300348282
0.0013989433646202087 0.06921269744634628 -35.52846908569336 -0.1384243220090866 0.039648428559303284
0.006182875484228134 0.06921513378620148 -35.037803649902344 -0.13842923939228058 0.0362328477203846
0.003338433802127838 0.06921745836734772 -35.248809814453125 -0.13843393325805664 0.04142824560403824
0.006486423313617706 0.069219671189785 -35.396915435791016 -0.13843844830989838 0.03457251563668251
0.004083225503563881 0.06922180950641632 -35.50089645385742 -0.1384427547454834 0.04878466576337814
0.004126600921154022 0.06922384351491928 -35.504085540771484 -0.1384468823671341 0.03425801172852516
0.0021637044847011566 0.06922581046819687 -35.54431915283203 -0.13845086097717285 0.032776739448308945
0.029110264033079147 0.06922769546508789 -35.36357879638672 -0.13845467567443848 0.04746023565530777
0.0009008422493934631 0.06922950595617294 -35.53487014770508 -0.13845835626125336 0.046969033777713776
0.003354080021381378 0.06923124939203262 -35.4711799621582 -0.1384618729352951 0.043951015919446945
0.0033974647521972656 0.06923293322324753 -35.555992126464844 -0.1384652853012085 0.034619253128767014
0.0012085512280464172 0.06923456490039825 -35.50907516479492 -0.13846857845783234 0.038408488035202026
0.008348563686013222 0.06923612952232361 -35.24216079711914 -0.13847175240516663 0.05125803500413895
