2.3267276287078857 0.0701492577791214 0.2960195541381836 -0.13445739448070526 0.10747449100017548
1.6437699794769287 1.2140987564634997e-05 -3.436514377593994 -2.0778610632987693e-05 0.12433962523937225
1.172389030456543 2.4576281703048153e-06 -8.38644027709961 -6.3688989939691965e-06 0.1522800773382187
0.9046748280525208 5.3672206377086695e-06 -12.97313117980957 -1.3171752470952924e-05 0.19455866515636444
0.7519239783287048 2.9931567041785456e-05 -15.481332778930664 -7.348541839746758e-05 0.21052014827728271
0.5373390316963196 0.00012300924572627991 -19.415454864501953 -0.00024219309852924198 0.24059592187404633
0.4798796772956848 0.00015436435933224857 -20.123897552490234 -0.0003394184459466487 0.2478523850440979
0.3605640232563019 0.00018875408568419516 -22.377084732055664 -0.0003415839746594429 0.25528401136398315
0.3429079055786133 0.00015793372585903853 -25.894062042236328 -0.00038913358002901077 0.2702944874763489
0.25717175006866455 0.00018418114632368088 -25.39956283569336 -0.0003517648146953434 0.2786561846733093
0.2543662488460541 0.00023476585920434445 -26.889068603515625 -0.000560447049792856 0.2850392162799835
0.2025792896747589 0.00022924649238120764 -27.212663650512695 -0.0004979348159395158 0.29562628269195557
0.1572485864162445 0.0002619698061607778 -28.408710479736328 -0.0005126278265379369 0.2888670563697815
0.1792469620704651 0.00030717041227035224 -28.796009063720703 -0.0005890268948860466 0.28487393260002136
0.18681581318378448 0.0003593795408960432 -29.119924545288086 -0.000732613552827388 0.2945430874824524
0.1252841204404831 0.00033813182380981743 -29.8655948638916 -0.0006700393278151751 0.2873147130012512
0.11528580635786057 0.0003328036982566118 -30.150312423706055 -0.0007931343279778957 0.2848069369792938
0.11765171587467194 0.00034504744689911604 -30.26649284362793 -0.0006699385121464729 0.2896851897239685
0.12088525295257568 0.00040940518374554813 -30.359180450439453 -0.0010129170259460807 0.2823944687843323
0.130143404006958 0.0005338104674592614 -31.4089298248291 -0.0011095678200945258 0.2704637050628662
0.07631029188632965 0.0005509189213626087 -31.475086212158203 -0.0012078885920345783 0.27624207735061646
0.058995891362428665 0.00045197200961411 -31.86520004272461 -0.0009209141135215759 0.2778412103652954
0.08006776869297028 0.0005365774850361049 -31.798112869262695 -0.0011487497249618173 0.27547720074653625
0.048699576407670975 0.0007119858637452126 -32.35113525390625 -0.0015225514071062207 0.25790172815322876
0.06505273282527924 0.0007195090292952955 -32.126495361328125 -0.0015545905334874988 0.2613770365715027
0.027657924219965935 0.0006720578530803323 -32.303504943847656 -0.0015143434284254909 0.2550768256187439
0.09285212308168411 0.0008132093935273588 -32.23234558105469 -0.001629059435799718 0.25089702010154724
0.08020412921905518 0.0008796965703368187 -32.71242904663086 -0.0018658284097909927 0.24160680174827576
0.018559345975518227 0.001388192642480135 -32.656715393066406 -0.002784752519801259 0.2490995228290558
0.04912435635924339 0.0007021522033028305 -33.22239303588867 -0.001508118468336761 0.22705340385437012
0.044367071241140366 0.0008027647854760289 -33.17180252075195 -0.0017206998309120536 0.23338443040847778
0.03804846853017807 0.0009328598971478641 -33.174522399902344 -0.002173087792471051 0.24474108219146729
0.023394444957375526 0.0009371558553539217 -33.28509521484375 -0.0020797960460186005 0.22330723702907562
0.033353764563798904 0.0014562421711161733 -33.71505355834961 -0.0031850591767579317 0.21642924845218658
0.04346615821123123 0.0016356449341401458 -33.774078369140625 -0.003504841821268201 0.21083277463912964
0.030659088864922523 0.0014131622156128287 -33.681373596191406 -0.003137971507385373 0.20708689093589783
0.026543794199824333 0.0022782799787819386 -33.338287353515625 -0.005248315166682005 0.20839424431324005
0.016153613105416298 0.0018427408067509532 -33.782962799072266 -0.0038106192369014025 0.2076175957918167
0.030987190082669258 0.0031906049698591232 -33.93013000488281 -0.008038053289055824 0.18974000215530396
0.07018063962459564 0.0030361514072865248 -33.88227081298828 -0.0058649335987865925 0.20141533017158508
0.019029492512345314 0.0025201651733368635 -33.95417404174805 -0.005942184012383223 0.18671149015426636
0.017657479271292686 0.0027073463425040245 -33.906925201416016 -0.004938647150993347 0.17474138736724854
0.012531190179288387 0.0015232706209644675 -33.85560607910156 -0.003657139604911208 0.17498548328876495
0.01502411998808384 0.0058503481559455395 -33.875770568847656 -0.011988361366093159 0.19137534499168396
0.017618006095290184 0.0024395433720201254 -34.217247009277344 -0.00510270893573761 0.17157478630542755
0.005260137841105461 0.0017320305341854692 -34.43695831298828 -0.0034578745253384113 0.17360259592533112
0.0492812916636467 0.00284977606497705 -34.406673431396484 -0.005723906215280294 0.17191632091999054
0.016148576512932777 0.0037544064689427614 -34.20036697387695 -0.008693481795489788 0.1541748344898224
0.0027382634580135345 0.003404684364795685 -34.285587310791016 -0.006666004192084074 0.15207920968532562
0.025501897558569908 0.0025996670592576265 -34.6608772277832 -0.005514705087989569 0.1537453681230545
0.015014756470918655 0.002857400570064783 -34.12246322631836 -0.006320327054709196 0.15190482139587402
0.01784602925181389 0.003677915083244443 -34.37746810913086 -0.007256230805069208 0.13850781321525574
0.008897097781300545 0.007801541592925787 -34.534786224365234 -0.01686546765267849 0.1517292559146881
0.018024180084466934 0.008796828798949718 -34.71530532836914 -0.017928151413798332 0.15200591087341309
0.004545049741864204 0.006456784904003143 -34.58090591430664 -0.014239506796002388 0.1345152109861374
0.008769458159804344 0.009416725486516953 -34.63127136230469 -0.018255645409226418 0.1358179748058319
0.004621617496013641 0.006396828684955835 -34.73350143432617 -0.013320495374500751 0.13907678425312042
0.0026527568697929382 0.007754430174827576 -33.872501373291016 -0.016442637890577316 0.14094141125679016
0.00686604343354702 0.00643970537930727 -34.338382720947266 -0.01294254232198 0.154584139585495
0.02419409528374672 0.010192192159593105 -34.638675689697266 -0.022527698427438736 0.12621141970157623
0.007337762974202633 0.007650172803550959 -34.45964813232422 -0.015396504662930965 0.12981489300727844
0.002817360684275627 0.008911906741559505 -34.750301361083984 -0.018116958439350128 0.12580613791942596
0.023015787824988365 0.004341738764196634 -34.96124267578125 -0.008267085067927837 0.11675150692462921
0.013074073009192944 0.004073885269463062 -34.8719482421875 -0.00866501685231924 0.12167957425117493
0.016292698681354523 0.007526949048042297 -34.47077178955078 -0.01571623794734478 0.12746469676494598
0.006114808842539787 0.008118602447211742 -34.596073150634766 -0.017017841339111328 0.12361697852611542
0.006110135465860367 0.011052915826439857 -34.67976379394531 -0.024279320612549782 0.13082264363765717
0.004854965023696423 0.019663913175463676 -34.63526153564453 -0.04049743711948395 0.1204073578119278
0.033389028161764145 0.025834405794739723 -34.97200012207031 -0.05346839502453804 0.11996844410896301
0.0029574986547231674 0.0359097421169281 -34.938594818115234 -0.07341966032981873 0.12012332677841187
0.006537133827805519 0.04334590211510658 -34.840003967285156 -0.08770114183425903 0.11344225704669952
0.0037355832755565643 0.052341658622026443 -34.90561294555664 -0.10624277591705322 0.12206938117742538
0.006518824957311153 0.06295543909072876 -35.07649230957031 -0.12738393247127533 0.11898377537727356
0.009224951267242432 0.06915358453989029 -34.7486686706543 -0.138374924659729 0.12113156914710999
0.02943851798772812 0.06924125552177429 -34.74421691894531 -0.1384827345609665 0.10374990105628967
0.023224718868732452 0.0692276582121849 -34.547523498535156 -0.1384575217962265 0.1181345134973526
0.008057760074734688 0.06921817362308502 -35.14943313598633 -0.13844436407089233 0.10328942537307739
0.0019240612164139748 0.06921219825744629 -35.081268310546875 -0.13842597603797913 0.10317601263523102
0.0012915544211864471 0.06922300904989243 -35.10592269897461 -0.1384497433900833 0.10992436110973358
0.001361677423119545 0.06923562288284302 -35.177486419677734 -0.13847509026527405 0.09217146784067154
0.019762571901082993 0.06923699378967285 -34.824806213378906 -0.13847428560256958 0.10004718601703644
0.005461730062961578 0.06923060864210129 -34.786956787109375 -0.13846106827259064 0.09793705493211746
0.001460125669836998 0.06922488659620285 -34.604209899902344 -0.13844868540763855 0.11623069643974304
0.005007393658161163 0.0692213624715805 -34.877864837646484 -0.13844217360019684 0.0954776182770729
0.00559571385383606 0.06922556459903717 -35.314334869384766 -0.1384510099887848 0.09548090398311615
0.007311796769499779 0.06923234462738037 -35.15263748168945 -0.13846391439437866 0.11186081171035767
0.00508163683116436 0.06923726946115494 -35.15911865234375 -0.13847379386425018 0.10423584282398224
0.013562020845711231 0.06924337893724442 -34.89292907714844 -0.1384858936071396 0.08733196556568146
0.022905224934220314 0.06924924999475479 -34.9219856262207 -0.138497993350029 0.08914278447628021
0.008778509683907032 0.06925539672374725 -35.052276611328125 -0.13851051032543182 0.10874228179454803
0.004409324377775192 0.06926129758358002 -34.96677017211914 -0.1385224461555481 0.10919668525457382
0.025713901966810226 0.06926680356264114 -34.914161682128906 -0.1385335773229599 0.11030207574367523
0.001279156655073166 0.06927182525396347 -34.903926849365234 -0.13854366540908813 0.09103959053754807
0.005294840782880783 0.06927623599767685 -34.97221755981445 -0.13855253159999847 0.07941965758800507
0.023822017014026642 0.06928010284900665 -35.04754638671875 -0.1385602504014969 0.08636827766895294
0.0006690807640552521 0.06928344815969467 -35.20538330078125 -0.1385670006275177 0.09984248876571655
0.013683216646313667 0.06928636878728867 -35.0572395324707 -0.13857285678386688 0.08445470035076141
0.009215661324560642 0.06928888708353043 -34.805850982666016 -0.1385778933763504 0.11199105530977249
0.0009179655462503433 0.06929104775190353 -34.939971923828125 -0.13858221471309662 0.0810154601931572
0.006773913279175758 0.06929291784763336 -35.15595626831055 -0.13858594000339508 0.09775477647781372
0.0030637532472610474 0.06929454207420349 -35.0969352722168 -0.13858918845653534 0.08501319587230682
0.0014242101460695267 0.0692959651350975 -35.08839416503906 -0.13859204947948456 0.0702207013964653
0.0010489951819181442 0.06929721683263779 -35.129608154296875 -0.13859455287456512 0.07616965472698212
0.0467696376144886 0.06929834187030792 -35.06334686279297 -0.138596773147583 0.08475550264120102
0.0006987825036048889 0.06929933279752731 -34.94080352783203 -0.1385987550020218 0.07768946141004562
0.023693351075053215 0.06930022686719894 -35.13407897949219 -0.13860054314136505 0.08160201460123062
0.006744863465428352 0.06930103152990341 -35.00284957885742 -0.1386021375656128 0.08867056667804718
0.02408258244395256 0.06930176168680191 -35.0431022644043 -0.1386035978794098 0.0784316435456276
0.0015826262533664703 0.06930242478847504 -35.31547546386719 -0.13860492408275604 0.08022011816501617
0.050729066133499146 0.06930302828550339 -34.73358917236328 -0.13860613107681274 0.08276211470365524
0.009922431781888008 0.06930359452962875 -35.1046028137207 -0.13860724866390228 0.10838332027196884
0.009580030106008053 0.06930410116910934 -34.85991287231445 -0.13860827684402466 0.08230294287204742
0.004721164703369141 0.06930457800626755 -34.9117317199707 -0.13860921561717987 0.09782162308692932
0.0016530901193618774 0.06930502504110336 -34.842464447021484 -0.1386101096868515 0.08309952914714813
0.011244891211390495 0.0693054348230362 -35.05763626098633 -0.13861092925071716 0.09712596982717514
0.0009467676281929016 0.06930582225322723 -35.00593566894531 -0.13861170411109924 0.08650611340999603
0.0023749712854623795 0.06930618733167648 -35.003273010253906 -0.13861241936683655 0.07055291533470154
0.02886957675218582 0.06930652260780334 -34.74458312988281 -0.13861308991909027 0.06273195892572403
0.02597707137465477 0.06930684298276901 -35.052494049072266 -0.1386137306690216 0.07591883838176727
0.0010856501758098602 0.06930714845657349 -35.16827392578125 -0.13861434161663055 0.0776105672121048
0.0067591555416584015 0.06930743902921677 -35.22163391113281 -0.13861492276191711 0.09656418859958649
0.003670359030365944 0.06930770725011826 -35.1888427734375 -0.1386154741048813 0.07570715248584747
0.0012892968952655792 0.06930797547101974 -35.15475082397461 -0.13861598074436188 0.07167940586805344
0.0075781624764204025 0.06930822134017944 -34.83485794067383 -0.13861648738384247 0.07946237921714783
0.011762548238039017 0.06930845975875854 -34.82158279418945 -0.13861696422100067 0.07090108096599579
0.0119224414229393 0.06930869072675705 -35.24674987792969 -0.1386174112558365 0.06486829370260239
0.008641144260764122 0.06930890679359436 -34.98933029174805 -0.1386178433895111 0.08899319171905518
0.0023150183260440826 0.06930910795927048 -35.112979888916016 -0.13861826062202454 0.08362880349159241
0.013606792315840721 0.06930931657552719 -34.68687438964844 -0.13861866295337677 0.06745430082082748
0.0004653818905353546 0.06930950284004211 -35.13998031616211 -0.1386190503835678 0.06798520684242249
0.0037857983261346817 0.06930968910455704 -35.015716552734375 -0.13861940801143646 0.07895815372467041
0.03898270055651665 0.06930986791849136 -35.08401870727539 -0.13861976563930511 0.06449747085571289
0.0024198852479457855 0.06931003928184509 -35.2354621887207 -0.13862012326717377 0.05834371596574783
0.025057243183255196 0.06931021064519882 -34.98200225830078 -0.13862045109272003 0.07736045867204666
0.004699058830738068 0.06931036710739136 -35.17352294921875 -0.1386207640171051 0.07395686209201813
0.01263602264225483 0.06931052356958389 -35.156490325927734 -0.13862107694149017 0.062467560172080994
0.0035122856497764587 0.06931068003177643 -35.172691345214844 -0.13862137496471405 0.055334270000457764
0.003130897879600525 0.06931082159280777 -35.16079330444336 -0.13862167298793793 0.06572655588388443
0.010969262570142746 0.06931095570325851 -35.40064239501953 -0.13862192630767822 0.058788735419511795
0.04024454578757286 0.06931109726428986 -35.066307067871094 -0.1386222094297409 0.07479610294103622
0.012604359537363052 0.06931122392416 -35.23615646362305 -0.1386224776506424 0.05676242336630821
0.0012987591326236725 0.06931135803461075 -35.01782989501953 -0.1386227160692215 0.07719264924526215
0.004229715093970299 0.0693114772439003 -34.95995330810547 -0.13862298429012299 0.07005709409713745
0.007784144952893257 0.06931159645318985 -35.23466873168945 -0.1386232227087021 0.0773259699344635
0.041497837752103806 0.0693117156624794 -34.956687927246094 -0.1386234313249588 0.0748857855796814
0.006175963208079338 0.06931181997060776 -34.978939056396484 -0.1386236548423767 0.0709945484995842
0.006513874977827072 0.06931193172931671 -35.02812194824219 -0.13862387835979462 0.0664101094007492
0.001272391527891159 0.06931203603744507 -34.71060562133789 -0.13862407207489014 0.0713258758187294
0.0038909912109375 0.06931213289499283 -34.98198699951172 -0.13862429559230804 0.0717492327094078
0.00027839094400405884 0.06931223720312119 -34.93707275390625 -0.13862447440624237 0.06825106590986252
0.03003586456179619 0.06931232661008835 -35.263187408447266 -0.1386246681213379 0.07015638798475266
0.003577079623937607 0.06931241601705551 -34.96146011352539 -0.1386248618364334 0.06697110831737518
0.006630775518715382 0.06931251287460327 -35.24018859863281 -0.13862502574920654 0.07256509363651276
0.004083864390850067 0.06931259483098984 -34.9174919128418 -0.13862518966197968 0.07186552882194519
0.0011532790958881378 0.069312684237957 -34.92530059814453 -0.138625368475914 0.08477912843227386
0.0007837079465389252 0.06931275129318237 -35.40673828125 -0.13862553238868713 0.06084269657731056
0.0006943345069885254 0.06931283324956894 -35.33633804321289 -0.13862566649913788 0.07531363517045975
0.0013703517615795135 0.06931290775537491 -35.26554489135742 -0.1386258453130722 0.09031946212053299
0.004706305451691151 0.06931298226118088 -34.96609115600586 -0.13862597942352295 0.0737200602889061
0.0013561658561229706 0.06931304931640625 -35.51262664794922 -0.1386261284351349 0.06792327016592026
0.017235970124602318 0.06931312382221222 -34.62453842163086 -0.13862624764442444 0.09531763195991516
0.028990231454372406 0.069313183426857 -35.21100616455078 -0.13862638175487518 0.08909787237644196
0.013475939631462097 0.06931325048208237 -35.18080139160156 -0.13862650096416473 0.07625208050012589
0.004082571715116501 0.06931331008672714 -35.274967193603516 -0.13862662017345428 0.07098449766635895
0.0018478203564882278 0.06931336969137192 -35.440818786621094 -0.13862673938274384 0.0810827985405922
0.0029031559824943542 0.0693134292960167 -35.30360794067383 -0.1386268585920334 0.0694027990102768
0.00043467432260513306 0.06931348145008087 -35.2294807434082 -0.13862697780132294 0.06073129177093506
0.007032498717308044 0.06931354105472565 -34.927032470703125 -0.1386270821094513 0.07082632929086685
0.0026856660842895508 0.06931358575820923 -35.10678482055664 -0.13862717151641846 0.0833899974822998
0.004783737473189831 0.06931363791227341 -35.21928024291992 -0.13862727582454681 0.07273639738559723
0.004085492342710495 0.06931368261575699 -35.295536041259766 -0.13862736523151398 0.07258670032024384
0.00854361429810524 0.06931372731924057 -35.340877532958984 -0.13862745463848114 0.06177050620317459
0.0008124448359012604 0.06931376457214355 -35.368690490722656 -0.1386275589466095 0.06271421909332275
0.015614921227097511 0.06931381672620773 -35.090728759765625 -0.13862763345241547 0.08724416792392731
0.02382524497807026 0.06931386142969131 -35.39523696899414 -0.13862772285938263 0.06997603178024292
0.021765651181340218 0.0693138986825943 -35.063331604003906 -0.1386277973651886 0.0645035058259964
0.03983643651008606 0.06931393593549728 -35.448341369628906 -0.13862787187099457 0.06960667669773102
0.0013025011867284775 0.06931396573781967 -35.12360763549805 -0.13862793147563934 0.10477446764707565
