2.2940707206726074 0.07037380337715149 6.9873480796813965 -0.14377549290657043 0.10563752055168152
1.7227703332901 4.474382421904011e-06 6.200596332550049 -6.679658781649778e-06 0.12951849400997162
1.2040866613388062 3.081895272316615e-07 5.5154032707214355 -8.311209285238874e-07 0.16616183519363403
0.8233714699745178 9.182533062812581e-07 4.869365692138672 -2.748294491539127e-06 0.20307393372058868
0.7351459264755249 3.462947006482864e-06 4.546437740325928 -1.6255486116278917e-05 0.22303450107574463
0.547173798084259 2.4782284526736476e-05 4.177588939666748 -5.310958295012824e-05 0.2532079815864563
0.4714633822441101 7.883908983785659e-05 3.9632375240325928 -0.00023018490173853934 0.2705666422843933
0.3046203553676605 9.551228868076578e-05 3.6064798831939697 -0.0001907449186546728 0.27543216943740845
0.3024064898490906 7.94506267993711e-05 3.6149516105651855 -0.0001767417707014829 0.28682374954223633
0.2263031005859375 7.148907025111839e-05 3.266871452331543 -0.0001730056683300063 0.27918165922164917
0.2287529706954956 6.56265183351934e-05 3.334975004196167 -0.00014805086539126933 0.2897714078426361
0.21605229377746582 7.997883221833035e-05 3.151322841644287 -0.00016220351972151548 0.2876695394515991
0.19484299421310425 9.919086005538702e-05 2.9523847103118896 -0.00018157005251850933 0.29312801361083984
0.14371715486049652 9.33045957935974e-05 2.8078715801239014 -0.0001925415126606822 0.2883732318878174
0.21810781955718994 8.686173532623798e-05 2.8317909240722656 -0.00017039390513673425 0.2880166471004486
0.11889573931694031 0.00010012006532633677 2.565387010574341 -0.00018005161837209016 0.28663313388824463
0.0648682564496994 0.0001134393532993272 2.411223888397217 -0.0002259458851767704 0.2866315543651581
0.13388364017009735 0.00011115840607089922 2.3587493896484375 -0.00024136251886375248 0.284606397151947
0.13717320561408997 0.00012664610403589904 2.345383644104004 -0.0002423332625767216 0.27177894115448
0.11133091151714325 0.0001168118542409502 2.1202688217163086 -0.00023792710271663964 0.27704572677612305
0.06374296545982361 0.00016948138363659382 1.8553173542022705 -0.00031527099781669676 0.2593253254890442
0.06364378333091736 0.00014152498624753207 1.9290279150009155 -0.0002988973574247211 0.2669466733932495
0.05856136232614517 0.00015893774980213493 1.9337620735168457 -0.0003263317630626261 0.25313615798950195
0.09135967493057251 0.00019664084538817406 1.6956415176391602 -0.00043187066330574453 0.2574564218521118
0.11181913316249847 0.00027460750425234437 1.7116011381149292 -0.000526467920280993 0.24732214212417603
0.027684949338436127 0.00032162046409212053 1.5423119068145752 -0.0006388064357452095 0.2593286633491516
0.09255192428827286 0.0002835516061168164 1.6414463520050049 -0.0006033703684806824 0.24671989679336548
0.08489660173654556 0.0003497065627016127 1.4658209085464478 -0.000671309360768646 0.24785619974136353
0.048321906477212906 0.00047481394722126424 1.4786376953125 -0.0008521253475919366 0.24999414384365082
0.07502087205648422 0.000399850046960637 1.1819674968719482 -0.0008688149973750114 0.22576233744621277
0.06041115149855614 0.0005549900233745575 1.2343254089355469 -0.0011472468031570315 0.22874808311462402
0.06714718043804169 0.0005272614071145654 1.1418381929397583 -0.0011252189287915826 0.23198312520980835
0.05659002810716629 0.0006984631763771176 1.1355284452438354 -0.0013556493213400245 0.20918747782707214
0.10169795155525208 0.0006853612139821053 1.2520561218261719 -0.0014173355884850025 0.22826406359672546
0.04599194601178169 0.000642938248347491 1.0833970308303833 -0.0014554582303389907 0.2015547752380371
0.11292076110839844 0.0008161694859154522 1.134950876235962 -0.0017111211782321334 0.2036866843700409
0.03122314065694809 0.0009691743180155754 0.9439534544944763 -0.0021536259446293116 0.18534865975379944
0.027127642184495926 0.0011989743215963244 0.8477476835250854 -0.0023252086248248816 0.19516786932945251
0.06440433859825134 0.0010806785430759192 0.8850980997085571 -0.002267220290377736 0.2052745819091797
0.07160558551549911 0.0015725558623671532 0.8402718901634216 -0.003180384635925293 0.18218785524368286
0.030941441655158997 0.0012902244925498962 0.8342851996421814 -0.0028472035191953182 0.1764514148235321
0.026796791702508926 0.0018698417115956545 0.8301432728767395 -0.003625588957220316 0.1726573407649994
0.054678235203027725 0.0014600687427446246 0.8007591962814331 -0.003119289642199874 0.16640008985996246
0.05870891362428665 0.0013619853416457772 0.760699450969696 -0.00290441676042974 0.1701335310935974
0.027233056724071503 0.0018351977923884988 0.7130621671676636 -0.003952352330088615 0.17103295028209686
0.02863243594765663 0.002304952358826995 0.6401132345199585 -0.005026945378631353 0.1691889762878418
0.040373362600803375 0.0023538265377283096 0.6366336941719055 -0.004981278907507658 0.16592271625995636
0.011770026758313179 0.0034140050411224365 0.6082874536514282 -0.00731105450540781 0.15014337003231049
0.02222292125225067 0.002623115899041295 0.6276198029518127 -0.004696741234511137 0.1529122143983841
0.030055908486247063 0.0024314874317497015 0.5780596733093262 -0.0055931247770786285 0.14966347813606262
0.06664561480283737 0.004601063206791878 0.7227271795272827 -0.009582950733602047 0.13837537169456482
0.022138051688671112 0.002816139254719019 0.4980110824108124 -0.006069950293749571 0.14390060305595398
0.017836760729551315 0.0030644075013697147 0.5372706055641174 -0.0066799684427678585 0.12005861103534698
0.014318566769361496 0.004952702205628157 0.4651370346546173 -0.010074511170387268 0.145106241106987
0.015303697437047958 0.003421650966629386 0.550021767616272 -0.006836318876594305 0.12533633410930634
0.054097987711429596 0.0030255087185651064 0.48274603486061096 -0.006166074890643358 0.11889775842428207
0.024817217141389847 0.004287499934434891 0.4519962668418884 -0.009218995459377766 0.142703115940094
0.0444810725748539 0.0053392681293189526 0.5140801072120667 -0.01068784948438406 0.14316172897815704
0.017244853079319 0.005487424787133932 0.3947426974773407 -0.01171886082738638 0.12823975086212158
0.03277570754289627 0.006063536740839481 0.4761650562286377 -0.012636512517929077 0.11868247389793396
0.022204432636499405 0.006245575845241547 0.473816841840744 -0.012384915724396706 0.11479053646326065
0.013337507843971252 0.006390318274497986 0.4551038444042206 -0.013224408030509949 0.11025422066450119
0.010085970163345337 0.007807724177837372 0.3581460118293762 -0.016498597338795662 0.12140602618455887
0.053801875561475754 0.009904952719807625 0.4949996769428253 -0.020323092117905617 0.10966871678829193
0.07578946650028229 0.009188005700707436 0.40837663412094116 -0.018234536051750183 0.0925218015909195
0.013915281742811203 0.006176962982863188 0.3616853654384613 -0.012745830230414867 0.10112738609313965
0.015282399952411652 0.005620238371193409 0.34678158164024353 -0.011479533277451992 0.09425656497478485
0.07712925225496292 0.007425125688314438 0.4746500551700592 -0.015766030177474022 0.10270100086927414
0.014816719107329845 0.01067600678652525 0.3369907736778259 -0.022104287520051003 0.10733260214328766
0.018437424674630165 0.012108544819056988 0.340223491191864 -0.025321871042251587 0.09752476215362549
0.019926879554986954 0.015167254023253918 0.35891494154930115 -0.03189186379313469 0.09244883060455322
0.023138802498579025 0.022954676300287247 0.3261680603027344 -0.04692424461245537 0.09521611034870148
0.04320080205798149 0.0332210548222065 0.3025226891040802 -0.06818290054798126 0.08600174635648727
0.019667884334921837 0.04688644036650658 0.27206283807754517 -0.09567821025848389 0.09519319236278534
0.02383052557706833 0.05979398638010025 0.36054396629333496 -0.1203041598200798 0.08379261940717697
0.01810164377093315 0.06908869743347168 0.2985295355319977 -0.13833771646022797 0.07415597140789032
0.010396180674433708 0.06928607076406479 0.2548534870147705 -0.13857033848762512 0.08630786836147308
0.017656520009040833 0.06924419850111008 0.35270076990127563 -0.1384776383638382 0.08152662217617035
0.031198235228657722 0.06923145055770874 0.24276837706565857 -0.13846330344676971 0.08788648247718811
0.010993754491209984 0.06924815475940704 0.407113641500473 -0.13850151002407074 0.09516903758049011
0.06259183585643768 0.06926314532756805 0.42870399355888367 -0.13852880895137787 0.07632024586200714
0.011041244491934776 0.06926891952753067 0.331213116645813 -0.13853630423545837 0.09000065922737122
0.020173391327261925 0.06925870478153229 0.31078511476516724 -0.1385149210691452 0.07665462791919708
0.02751237154006958 0.06925060600042343 0.23521645367145538 -0.13849849998950958 0.06370523571968079
0.01408747024834156 0.06924788653850555 0.24785062670707703 -0.13849209249019623 0.06971600651741028
0.0170991662889719 0.06923758238554001 0.26442843675613403 -0.13847120106220245 0.09231218695640564
0.07400204241275787 0.06923337280750275 0.34915584325790405 -0.1384619176387787 0.08447033166885376
0.005659019574522972 0.06923004239797592 0.29166239500045776 -0.13845455646514893 0.0677972286939621
0.021604401990771294 0.06922882050275803 0.2564232647418976 -0.13845260441303253 0.07053066790103912
0.04624616354703903 0.06923114508390427 0.36682018637657166 -0.13845844566822052 0.06308289617300034
0.01737009733915329 0.06923732906579971 0.1803656965494156 -0.13847213983535767 0.06594942510128021
0.004255102947354317 0.06924489885568619 0.277654767036438 -0.1384880542755127 0.056167419999837875
0.010506667196750641 0.06925282627344131 0.2017345130443573 -0.13850447535514832 0.06607568264007568
0.03005586750805378 0.06926020234823227 0.2127707600593567 -0.1385195255279541 0.06765912473201752
0.009353430941700935 0.06926670670509338 0.23737993836402893 -0.13853280246257782 0.06358860433101654
0.05288669094443321 0.06927233934402466 0.2253578007221222 -0.1385442465543747 0.061276040971279144
0.04043494910001755 0.06927716732025146 0.27204620838165283 -0.13855403661727905 0.06503207236528397
0.02016163058578968 0.06928127259016037 0.16791312396526337 -0.13856233656406403 0.054256461560726166
0.006033426150679588 0.06928475946187973 0.23375217616558075 -0.13856938481330872 0.05795357748866081
0.011733558028936386 0.0692877322435379 0.21986252069473267 -0.13857536017894745 0.06317579746246338
0.02259705401957035 0.06929027289152145 0.2716663181781769 -0.13858050107955933 0.0655393898487091
0.028437430039048195 0.06929247081279755 0.2240099161863327 -0.1385848969221115 0.07354479283094406
0.01321428082883358 0.06929435580968857 0.2269914746284485 -0.13858871161937714 0.052267398685216904
0.011843077838420868 0.06929599493741989 0.15841643512248993 -0.13859198987483978 0.05762968212366104
0.008149422705173492 0.0692974254488945 0.21834763884544373 -0.1385948657989502 0.075529083609581
0.011611118912696838 0.06929867714643478 0.18699206411838531 -0.13859738409519196 0.06423498690128326
0.004427865147590637 0.06929976493120193 0.18932224810123444 -0.13859957456588745 0.06565403193235397
0.024793684482574463 0.06930073350667953 0.185908704996109 -0.13860152661800385 0.0637904554605484
0.05415029078722 0.06930159777402878 0.2263733297586441 -0.13860325515270233 0.05388171970844269
0.018347041681408882 0.06930238008499146 0.17094695568084717 -0.1386048048734665 0.06483945995569229
0.003086630254983902 0.06930307298898697 0.13100893795490265 -0.1386062204837799 0.06353585422039032
0.017405906692147255 0.06930370628833771 0.15848606824874878 -0.13860748708248138 0.053809523582458496
0.00957547128200531 0.06930427998304367 0.14671503007411957 -0.13860861957073212 0.06495757400989532
0.012131992727518082 0.06930480152368546 0.2272677719593048 -0.13860967755317688 0.058055490255355835
0.021855570375919342 0.06930527836084366 0.24511241912841797 -0.1386106312274933 0.07126899808645248
0.012203177437186241 0.06930571794509888 0.17394009232521057 -0.13861149549484253 0.053118713200092316
0.011501960456371307 0.06930612772703171 0.16604425013065338 -0.138612300157547 0.05900145322084427
0.02029026299715042 0.06930650025606155 0.1503545045852661 -0.13861306011676788 0.05551300570368767
0.017090246081352234 0.06930685043334961 0.1389208436012268 -0.1386137455701828 0.0569755956530571
0.017305448651313782 0.06930717825889587 0.16874735057353973 -0.13861440122127533 0.06110881641507149
0.008551249280571938 0.06930748373270035 0.14741863310337067 -0.13861501216888428 0.06010352820158005
0.010939136147499084 0.06930776685476303 0.10797473043203354 -0.13861559331417084 0.05526794493198395
0.010575387626886368 0.06930803507566452 0.10487084090709686 -0.13861611485481262 0.061548493802547455
0.006093278527259827 0.06930829584598541 0.1393490731716156 -0.13861660659313202 0.05832097306847572
0.006443371996283531 0.06930853426456451 0.13390281796455383 -0.13861708343029022 0.07162252813577652
0.008946351706981659 0.06930875778198242 0.13213621079921722 -0.13861754536628723 0.056923672556877136
0.011716272681951523 0.06930897384881973 0.1447996199131012 -0.13861797749996185 0.07149983942508698
0.008418239653110504 0.06930917501449585 0.1495179533958435 -0.1386183798313141 0.07287449389696121
0.014562765136361122 0.06930936872959137 0.1150166243314743 -0.13861876726150513 0.07585921883583069
0.006823273375630379 0.06930955499410629 0.09453876316547394 -0.13861912488937378 0.071759894490242
0.0062444861978292465 0.06930973380804062 0.10810647904872894 -0.13861948251724243 0.06077490746974945
0.005824398249387741 0.06930990517139435 0.17786695063114166 -0.1386198252439499 0.06762362271547318
0.0057193804532289505 0.06931006163358688 0.09411057084798813 -0.13862015306949615 0.060919977724552155
0.012931603007018566 0.06931021064519882 0.12108056247234344 -0.13862046599388123 0.0601433664560318
0.0216861329972744 0.06931036710739136 0.21194389462471008 -0.1386207640171051 0.06516474485397339
0.011417761445045471 0.0693105086684227 0.16770011186599731 -0.13862104713916779 0.06710180640220642
0.016327476128935814 0.06931065768003464 0.14419251680374146 -0.13862131536006927 0.062150679528713226
0.021483544260263443 0.06931078433990479 0.2031986564397812 -0.13862159848213196 0.059638068079948425
0.006613994017243385 0.06931091845035553 0.10017278790473938 -0.13862185180187225 0.0664108619093895
0.013004820793867111 0.06931103765964508 0.1223493218421936 -0.13862209022045135 0.07090742886066437
0.004233021289110184 0.06931116431951523 0.1024516373872757 -0.13862232863903046 0.08415642380714417
0.005172021687030792 0.06931127607822418 0.10557440668344498 -0.13862256705760956 0.06218070909380913
0.006272684782743454 0.06931139528751373 0.14187608659267426 -0.13862279057502747 0.06146370992064476
0.02751808613538742 0.06931149959564209 0.10592767596244812 -0.13862302899360657 0.05729052424430847
0.012213917449116707 0.06931161135435104 0.0941963940858841 -0.1386232227087021 0.08307348191738129
0.007294144481420517 0.0693117082118988 0.0822949931025505 -0.1386234313249588 0.06839293986558914
0.003478214144706726 0.06931181252002716 0.13011915981769562 -0.13862362504005432 0.07533946633338928
0.01578405871987343 0.06931190937757492 0.10192068666219711 -0.13862381875514984 0.06723617762327194
0.011012960225343704 0.06931199878454208 0.08846384286880493 -0.13862399756908417 0.0678015798330307
0.012043064460158348 0.06931208819150925 0.11955330520868301 -0.1386241912841797 0.05241931974887848
0.023601746186614037 0.06931217759847641 0.16826142370700836 -0.13862435519695282 0.07195635139942169
0.010307367891073227 0.06931226700544357 0.092684805393219 -0.13862454891204834 0.0741916224360466
0.0103269312530756 0.06931234896183014 0.08701325953006744 -0.13862469792366028 0.07792464643716812
0.009945088997483253 0.0693124309182167 0.11204114556312561 -0.1386248618364334 0.0680563896894455
0.015529744327068329 0.06931250542402267 0.08783334493637085 -0.13862502574920654 0.09230082482099533
0.01993180625140667 0.06931258738040924 0.14476248621940613 -0.13862517476081848 0.06470929086208344
0.004886191338300705 0.06931265443563461 0.08016244322061539 -0.13862530887126923 0.06260068714618683
0.009379547089338303 0.06931272894144058 0.0904509574174881 -0.13862545788288116 0.06623248755931854
0.008436717092990875 0.06931280344724655 0.12421096861362457 -0.1386256068944931 0.09751340001821518
0.007370274513959885 0.06931286305189133 0.08999085426330566 -0.13862574100494385 0.07212980836629868
0.023092200979590416 0.0693129301071167 0.15648013353347778 -0.1386258602142334 0.07330399751663208
0.007056593894958496 0.06931298971176147 0.07405388355255127 -0.13862600922584534 0.07609520107507706
0.006899731233716011 0.06931305676698685 0.12817791104316711 -0.1386261284351349 0.06955596059560776
0.02005033753812313 0.06931311637163162 0.09112842381000519 -0.13862624764442444 0.05697014182806015
0.006472084671258926 0.0693131685256958 0.05914950743317604 -0.138626366853714 0.08118991553783417
0.008364271372556686 0.06931322813034058 0.11535602807998657 -0.13862645626068115 0.09988844394683838
0.01473020389676094 0.06931328773498535 0.059720784425735474 -0.1386265754699707 0.06243903934955597
0.02225736901164055 0.06931333988904953 0.12897488474845886 -0.13862667977809906 0.09020005166530609
0.01545315608382225 0.06931338459253311 0.07878599315881729 -0.1386267989873886 0.08138194680213928
0.01791142299771309 0.06931344419717789 0.08251962065696716 -0.13862688839435577 0.0750465914607048
0.02181784249842167 0.06931348890066147 0.09458652138710022 -0.13862697780132294 0.09163402765989304
0.014138039201498032 0.06931353360414505 0.1104167103767395 -0.1386270821094513 0.06894983351230621
0.0029746517539024353 0.06931357830762863 0.12116608023643494 -0.13862717151641846 0.07505419850349426
0.008529506623744965 0.06931362301111221 0.05359286069869995 -0.13862724602222443 0.06090405955910683
0.011573508381843567 0.0693136677145958 0.0456380657851696 -0.1386273354291916 0.08903533220291138
0.053703926503658295 0.06931370496749878 0.10633969306945801 -0.13862740993499756 0.08206865191459656
0.004617534577846527 0.06931375712156296 0.054654452949762344 -0.13862751424312592 0.060989633202552795
0.02539190836250782 0.06931378692388535 0.0850074291229248 -0.1386275738477707 0.05988079681992531
0.011604085564613342 0.06931382417678833 0.10529350489377975 -0.13862764835357666 0.06444645673036575
0.04913106560707092 0.06931386142969131 0.06938399374485016 -0.13862772285938263 0.08566521853208542
0.01046585664153099 0.0693138986825943 0.055310796946287155 -0.1386277973651886 0.06966134905815125
0.005826573818922043 0.06931393593549728 0.08247174322605133 -0.13862787187099457 0.08044374734163284
0.04751511663198471 0.06931395828723907 0.2096611112356186 -0.13862791657447815 0.08530669659376144
0.015173414722084999 0.06931399554014206 0.053367387503385544 -0.13862799108028412 0.08786360919475555
0.04484789818525314 0.06931401789188385 0.062203917652368546 -0.1386280506849289 0.07721620798110962
0.022046726197004318 0.06931405514478683 0.13304811716079712 -0.13862811028957367 0.07006034255027771
0.01778736151754856 0.06931407749652863 0.10175299644470215 -0.13862815499305725 0.06321007013320923
0.006858402863144875 0.06931411474943161 0.05222995579242706 -0.13862822949886322 0.09077037870883942
0.010155359283089638 0.0693141371011734 0.06429943442344666 -0.1386282742023468 0.10702711343765259
0.04285305365920067 0.06931415945291519 0.057696178555488586 -0.13862831890583038 0.07223773747682571
0.013062527403235435 0.06931418180465698 0.03458801284432411 -0.13862836360931396 0.08890536427497864
0.008850457146763802 0.06931420415639877 0.0668531060218811 -0.13862840831279755 0.07237942516803741
0.011387661099433899 0.06931423395872116 0.07731908559799194 -0.13862846791744232 0.098682701587677
0.0065460242331027985 0.06931425631046295 0.020725976675748825 -0.1386285126209259 0.07493520528078079
0.010133184492588043 0.06931426376104355 0.09848178178071976 -0.1386285424232483 0.07255750894546509
0.03629878908395767 0.06931429356336594 0.0527162067592144 -0.13862858712673187 0.08082327246665955
0.007052205502986908 0.06931431591510773 0.10733267664909363 -0.13862863183021545 0.09128755331039429
0.005274336785078049 0.06931432336568832 0.06072099506855011 -0.13862864673137665 0.0880756750702858
0.028786184266209602 0.06931435316801071 0.06481263041496277 -0.13862870633602142 0.06537380814552307
0.02690783701837063 0.06931436061859131 0.06015998497605324 -0.13862872123718262 0.10597486793994904
