2.3157942295074463 0.07148601859807968 6.933734893798828 -0.1408948451280594 0.10688155889511108
1.5653811693191528 0.0001434603036614135 5.992212295532227 -0.00017897917132358998 0.1310366988182068
1.0911059379577637 2.550528506617411e-06 5.386457443237305 -5.603900262940442e-06 0.1764434427022934
0.7791411876678467 6.1205369092931505e-06 4.768042087554932 -1.2026946933474392e-05 0.214593768119812
0.5486467480659485 2.462263910274487e-05 4.312098503112793 -5.946025703451596e-05 0.24486926198005676
0.4065389931201935 7.187696610344574e-05 3.995687246322632 -0.0001696824620012194 0.2648436725139618
0.2866050601005554 0.00013589412264991552 3.750380039215088 -0.0002472237392794341 0.27717190980911255
0.2535783350467682 0.0001377458538627252 3.4811959266662598 -0.0002352959563722834 0.28363144397735596
0.20858711004257202 0.00012395389785524458 3.3554270267486572 -0.0002126517501892522 0.28947287797927856
0.1607123762369156 0.0001364736963296309 3.1732959747314453 -0.0002915293152909726 0.3004586100578308
0.15775291621685028 0.00013808814401272684 2.9070348739624023 -0.0002701662597246468 0.29646944999694824
0.19816656410694122 0.00012528760998975486 3.007416009902954 -0.0002511193451937288 0.29209011793136597
0.1659069061279297 0.00011974918015766889 2.8613429069519043 -0.0002397386560915038 0.3048155605792999
0.10176566988229752 0.00013501744251698256 2.5368170738220215 -0.00029423562227748334 0.293733149766922
0.09771712124347687 0.0001366406650049612 2.4082186222076416 -0.00028871488757431507 0.29693299531936646
0.04686310142278671 0.00014614900283049792 2.387258529663086 -0.00029529648600146174 0.2966659367084503
0.09505586326122284 0.00013585937267635018 2.1938488483428955 -0.00028689877944998443 0.30116257071495056
0.05170067027211189 0.0001436229795217514 2.179278612136841 -0.0003201957733836025 0.28910425305366516
0.05282783880829811 0.00015124623314477503 2.0297911167144775 -0.0003208682464901358 0.2869951128959656
0.03276040032505989 0.00018823854043148458 1.8639822006225586 -0.0003924974880646914 0.27646324038505554
0.020135020837187767 0.0001835260627558455 1.8380305767059326 -0.00036879279650747776 0.28472083806991577
0.053116682916879654 0.00020455277990549803 1.7170851230621338 -0.0004351661482360214 0.27365022897720337
0.02514674700796604 0.0001972882164409384 1.687329649925232 -0.00042700115591287613 0.2709381878376007
0.026630399748682976 0.0002291131968377158 1.4826260805130005 -0.0004750570224132389 0.26282280683517456
0.027216434478759766 0.000271569297183305 1.461968183517456 -0.0005861512618139386 0.26043736934661865
0.06586042046546936 0.0002769931161310524 1.4713184833526611 -0.0005430602468550205 0.25313490629196167
0.08467705547809601 0.00023133978538680822 1.2888829708099365 -0.0004963334649801254 0.26764345169067383
0.06231895461678505 0.00023758054885547608 1.4480547904968262 -0.0004820670001208782 0.2418774664402008
0.044415321201086044 0.0002691581903491169 1.3218755722045898 -0.0005789020215161145 0.2499784529209137
0.015260552987456322 0.0003109026874881238 1.2373039722442627 -0.0006478863651864231 0.24292536079883575
0.012070237658917904 0.00026572050410322845 1.0942878723144531 -0.000532862264662981 0.2286074161529541
0.018767572939395905 0.0002733136061578989 1.046364665031433 -0.0005487882881425321 0.2203230857849121
0.015393175184726715 0.0002509125624783337 0.9371280670166016 -0.0005376144545152783 0.2281639277935028
0.02156008966267109 0.0002825091651175171 1.0140100717544556 -0.0005495510413311422 0.21725068986415863
0.06003871187567711 0.00028350623324513435 1.0493913888931274 -0.0006322601111605763 0.21048463881015778
0.01978164352476597 0.0003049024089705199 0.8347311019897461 -0.0006055582198314369 0.21304702758789062
0.014551759697496891 0.0002844326081685722 0.8430513143539429 -0.0005569365457631648 0.20416608452796936
0.013516662642359734 0.0003163930377922952 0.7879320979118347 -0.0006982770282775164 0.19725438952445984
0.0306553952395916 0.0003907300706487149 0.6652847528457642 -0.0008370051509700716 0.19218498468399048
0.05311039835214615 0.0003400069836061448 0.8196618556976318 -0.0007809548988007009 0.1961464285850525
0.016070490702986717 0.00040324273868463933 0.6572832465171814 -0.0008698999881744385 0.19240830838680267
0.054294079542160034 0.0004592220939230174 0.7982487678527832 -0.0010239176917821169 0.20818042755126953
0.01598762720823288 0.00042942166328430176 0.6393192410469055 -0.0009429382043890655 0.18180592358112335
0.012008754536509514 0.0005452709156088531 0.5692812204360962 -0.0011230465024709702 0.19053836166858673
0.05333464592695236 0.0006128118257038295 0.5719953179359436 -0.001226718071848154 0.18025286495685577
0.002279778942465782 0.0005494445795193315 0.5619012117385864 -0.0011142872972413898 0.17620033025741577
0.009709867648780346 0.0005698578315787017 0.5826396346092224 -0.0010799410520121455 0.1645229607820511
0.01115238107740879 0.000530099612660706 0.6028649210929871 -0.001153230550698936 0.16480010747909546
0.0103225689381361 0.00044125792919658124 0.501661479473114 -0.0009264713153243065 0.17433567345142365
0.020881563425064087 0.0005931666237302125 0.4684041142463684 -0.0012588099343702197 0.15972934663295746
0.026212558150291443 0.0005535506643354893 0.4821903109550476 -0.0011811302974820137 0.16381844878196716
0.010339588858187199 0.0006530687096528709 0.42441925406455994 -0.0013848325470462441 0.16241443157196045
0.042169466614723206 0.0005530791822820902 0.45260289311408997 -0.0011866631684824824 0.1444985568523407
0.01012354250997305 0.0005784549284726381 0.5218358039855957 -0.0012389331823214889 0.15995880961418152
0.0060107093304395676 0.0007003375794738531 0.38698771595954895 -0.0015162326162680984 0.134339839220047
0.04125571623444557 0.0008151963702403009 0.3905723989009857 -0.0017306022346019745 0.14416642487049103
0.014494257979094982 0.0010860650800168514 0.44650790095329285 -0.0022971832659095526 0.1411222368478775
0.015184164047241211 0.0007065638201311231 0.35440894961357117 -0.0016175709897652268 0.15185894072055817
0.02042057365179062 0.0011428494472056627 0.43741491436958313 -0.002387728076428175 0.13282141089439392
0.013035643845796585 0.0010427553206682205 0.36226749420166016 -0.0022522795479744673 0.13224653899669647
0.006452135741710663 0.001161521184258163 0.34821078181266785 -0.0024500121362507343 0.1448391079902649
0.004312518984079361 0.0008649734081700444 0.2987731993198395 -0.001858754432760179 0.1255049854516983
0.006882725283503532 0.0008596951374784112 0.28714996576309204 -0.0018082030583173037 0.1417163610458374
0.008591482415795326 0.0009415332460775971 0.3700448274612427 -0.0021965017076581717 0.13421043753623962
0.012148142792284489 0.0011754472507163882 0.27164965867996216 -0.0024366353172808886 0.13001778721809387
0.004492849111557007 0.0011134087108075619 0.25103631615638733 -0.0023737847805023193 0.11928185075521469
0.009859709069132805 0.0010897520696744323 0.28521105647087097 -0.0023631893564015627 0.12387322634458542
0.010628186166286469 0.001064104144461453 0.2512495219707489 -0.0022474012803286314 0.12301397323608398
0.005710786208510399 0.0014566149329766631 0.3001117706298828 -0.0031385973561555147 0.11668114364147186
0.010171262547373772 0.001057279179804027 0.2626071274280548 -0.0023804293014109135 0.11521551012992859
0.0256037637591362 0.001584106357768178 0.2417411208152771 -0.0033276700414717197 0.12117399275302887
0.006650600582361221 0.001239232486113906 0.24368666112422943 -0.002695301314815879 0.11326287686824799
0.010457426309585571 0.001923583447933197 0.28170111775398254 -0.004099156241863966 0.1300395429134369
0.006685934960842133 0.0020510319154709578 0.2464643120765686 -0.004476753994822502 0.1033884733915329
0.0030991770327091217 0.0013469603145495057 0.20746542513370514 -0.002862301655113697 0.1080155223608017
0.007325926795601845 0.0018925134791061282 0.20780768990516663 -0.004134321119636297 0.10965077579021454
0.011808203533291817 0.0015769420424476266 0.1842283308506012 -0.0034414527472108603 0.11134298145771027
0.002800188958644867 0.0022543962113559246 0.178721085190773 -0.004956609103828669 0.10631456971168518
0.006285637617111206 0.0020579758565872908 0.19260744750499725 -0.004581035580486059 0.1135132685303688
0.014845241792500019 0.0023834628518670797 0.2325756847858429 -0.005239405669271946 0.11472190916538239
0.00305144302546978 0.0022602814715355635 0.1816299855709076 -0.004646592773497105 0.10355779528617859
0.03189152479171753 0.0026569438632577658 0.24673166871070862 -0.005717865657061338 0.10229399800300598
0.015210467390716076 0.002852206351235509 0.19061297178268433 -0.00579868583008647 0.10367458313703537
0.0208241268992424 0.0021542850881814957 0.25300830602645874 -0.00464376388117671 0.08881877362728119
0.004062538966536522 0.003154994919896126 0.19183042645454407 -0.006957565899938345 0.09739895910024643
0.004974445328116417 0.0037150743883103132 0.1375202238559723 -0.007726409938186407 0.09348321706056595
0.0023726336658000946 0.0028387680649757385 0.17864814400672913 -0.0059790113009512424 0.09514850378036499
0.009458359330892563 0.002143771154806018 0.14952023327350616 -0.004564965143799782 0.09565196931362152
0.024752680212259293 0.0022906602825969458 0.1324533075094223 -0.004999311175197363 0.09016527235507965
0.0025765709578990936 0.0030347504653036594 0.17103907465934753 -0.006249031517654657 0.09591813385486603
0.020092802122235298 0.00334242545068264 0.11200256645679474 -0.007204831577837467 0.09038707613945007
0.01933484710752964 0.0037217065691947937 0.1546081155538559 -0.00794222205877304 0.08621388673782349
0.004915550351142883 0.0028340851422399282 0.12302418798208237 -0.0060451338067650795 0.0817270427942276
0.007695989683270454 0.003680773079395294 0.12234585732221603 -0.007655736990272999 0.08938750624656677
0.006314584985375404 0.00465403264388442 0.1161164939403534 -0.00947401113808155 0.0855245590209961
0.004987016320228577 0.005152100697159767 0.1923915296792984 -0.010669643990695477 0.0737009197473526
0.003113638609647751 0.005731136072427034 0.13680817186832428 -0.011425142176449299 0.07478991895914078
0.0067599061876535416 0.004034930840134621 0.11178292334079742 -0.008590497076511383 0.08973165601491928
0.010102882981300354 0.004655187483876944 0.1570148766040802 -0.009418684057891369 0.07599065452814102
0.011232249438762665 0.004413549788296223 0.1576988697052002 -0.008990299887955189 0.08147133141756058
0.00500895082950592 0.004360646940767765 0.11196956783533096 -0.008999406360089779 0.0889541283249855
0.005302118137478828 0.00567071046680212 0.1060059666633606 -0.011633851565420628 0.06952140480279922
0.004491070285439491 0.004820214118808508 0.13367663323879242 -0.00975219625979662 0.07834790647029877
0.007749704644083977 0.006003034766763449 0.09677940607070923 -0.01283816434442997 0.07099692523479462
0.017803996801376343 0.008351762779057026 0.10031116008758545 -0.017072254791855812 0.06617911159992218
0.006354197859764099 0.007361245341598988 0.1022377461194992 -0.014428145252168179 0.08127480745315552
0.010260535404086113 0.0054657417349517345 0.12907752394676208 -0.011016651056706905 0.07769154012203217
0.0034671425819396973 0.005696271080523729 0.1297919750213623 -0.011899242177605629 0.07898364216089249
0.00671045109629631 0.006209602113813162 0.1289694458246231 -0.012814626097679138 0.06832344084978104
0.00397261418402195 0.006975229829549789 0.12130256742238998 -0.014556336216628551 0.05957223102450371
0.003405395895242691 0.008182805962860584 0.08421793580055237 -0.015873929485678673 0.07548331469297409
0.0025351643562316895 0.006370870862156153 0.1185498982667923 -0.013339337892830372 0.0719180777668953
0.02074114978313446 0.00898591335862875 0.10919278860092163 -0.01841038279235363 0.079373300075531
0.006351042538881302 0.008752264082431793 0.0804450511932373 -0.017715957015752792 0.06252031773328781
0.004220940172672272 0.009022876620292664 0.11497629433870316 -0.018661504611372948 0.07183744758367538
0.002837859094142914 0.012252938002347946 0.1061365008354187 -0.02543109655380249 0.07444677501916885
0.004929352551698685 0.015183319337666035 0.060142144560813904 -0.03086700104176998 0.06970640271902084
0.0035149846225976944 0.018806060776114464 0.06743769347667694 -0.03809776157140732 0.07642807066440582
0.010849556885659695 0.01916203461587429 0.11906176805496216 -0.03894764557480812 0.06653780490159988
0.005374308675527573 0.021178564056754112 0.10060212016105652 -0.042691778391599655 0.06722389161586761
0.017969144508242607 0.021609807386994362 0.07788458466529846 -0.043212711811065674 0.07102104276418686
0.004719246178865433 0.02079738676548004 0.09809351712465286 -0.04147615283727646 0.05525236576795578
0.005331287160515785 0.019002560526132584 0.08299077302217484 -0.03771406412124634 0.05495927482843399
0.019880877807736397 0.015790609642863274 0.0930468812584877 -0.031598933041095734 0.07458801567554474
0.003925669938325882 0.013022623024880886 0.1177813857793808 -0.025958670303225517 0.06004420667886734
0.003521619364619255 0.013540354557335377 0.10869966447353363 -0.02761293761432171 0.0655098557472229
0.0028387978672981262 0.015718361362814903 0.07223058491945267 -0.03233085945248604 0.06745314598083496
0.0046291593462228775 0.019753379747271538 0.10602269321680069 -0.04028896614909172 0.04866645112633705
0.005962839350104332 0.022049466148018837 0.07816856354475021 -0.04474470019340515 0.05873837321996689
0.002981973811984062 0.025728920474648476 0.05468893051147461 -0.05224733427166939 0.05646626651287079
0.0049222130328416824 0.03062518872320652 0.09363850951194763 -0.06176731735467911 0.049611423164606094
0.018946627154946327 0.034833427518606186 0.08927182108163834 -0.07051736116409302 0.042746081948280334
0.0039952099323272705 0.041294727474451065 0.06657764315605164 -0.08357769250869751 0.05598554015159607
0.005863731727004051 0.048242952674627304 0.07570874691009521 -0.09722085297107697 0.05446508899331093
0.004943856969475746 0.0542658232152462 0.051141656935214996 -0.10901327431201935 0.04110952094197273
0.0072684865444898605 0.058895763009786606 0.0801149308681488 -0.11812074482440948 0.04402967914938927
0.0038964878767728806 0.06276243180036545 0.07179053872823715 -0.12583796679973602 0.04656919464468956
0.007373383268713951 0.06543953716754913 0.0831991657614708 -0.13103657960891724 0.057346243411302567
0.006439510732889175 0.06689967960119247 0.050598155707120895 -0.13388831913471222 0.05563715845346451
0.0035451315343379974 0.06778455525636673 0.04833848401904106 -0.13563095033168793 0.053202252835035324
0.00507725402712822 0.06823917478322983 0.06764255464076996 -0.1364847719669342 0.047919515520334244
0.004761263728141785 0.06840479373931885 0.06306763738393784 -0.1367972046136856 0.04676854982972145
0.007598010823130608 0.06844247877597809 0.08370061218738556 -0.13686475157737732 0.05923081561923027
0.01399417407810688 0.06843464821577072 0.05857735499739647 -0.13684861361980438 0.04008707404136658
0.007546771317720413 0.06844854354858398 0.08160810172557831 -0.13687948882579803 0.04500957578420639
0.004950622096657753 0.06846112012863159 0.06744809448719025 -0.13691022992134094 0.04315562546253204
0.021767709404230118 0.06849571317434311 0.07316143065690994 -0.1369847059249878 0.04803174361586571
0.005716606974601746 0.0685424730181694 0.05588623881340027 -0.1370817869901657 0.04688141867518425
0.004160791635513306 0.0685938224196434 0.0620773509144783 -0.13718679547309875 0.04767436161637306
0.004893146455287933 0.06864631175994873 0.10313955694437027 -0.1372927725315094 0.038239486515522
0.007902257144451141 0.06869669258594513 0.060553014278411865 -0.1373940259218216 0.04833924397826195
0.003104928880929947 0.06874362379312515 0.03697216510772705 -0.13748803734779358 0.04417185112833977
0.008442377671599388 0.06878650188446045 0.09568430483341217 -0.13757376372814178 0.049639470875263214
0.00955311581492424 0.06882535666227341 0.06860115379095078 -0.13765135407447815 0.04386371746659279
0.008885856717824936 0.06886031478643417 0.055542491376399994 -0.13772112131118774 0.04783764109015465
0.002160191535949707 0.06889169663190842 0.0690479576587677 -0.13778375089168549 0.03742896765470505
0.002251759171485901 0.0689198300242424 0.07166987657546997 -0.1378399133682251 0.045178987085819244
0.011343627236783504 0.06894506514072418 0.052863460034132004 -0.13789032399654388 0.04300834238529205
0.009845392778515816 0.06896771490573883 0.11553103476762772 -0.1379355490207672 0.04344574734568596
0.009257921949028969 0.06898810714483261 0.05668339133262634 -0.13797627389431 0.043489377945661545
0.014259064570069313 0.06900648027658463 0.05119401216506958 -0.13801300525665283 0.05133012682199478
0.004421517252922058 0.06902310997247696 0.05068589001893997 -0.1380462497472763 0.039484404027462006
0.005922775715589523 0.06903818249702454 0.04247741401195526 -0.13807640969753265 0.054169293493032455
0.0053116437047719955 0.06905191391706467 0.049094803631305695 -0.13810384273529053 0.04680485278367996
0.00393020361661911 0.06906437873840332 0.04290430247783661 -0.13812880218029022 0.04414037615060806
0.005011972039937973 0.0690758004784584 0.04832402616739273 -0.13815167546272278 0.03957682475447655
0.0024909712374210358 0.06908629089593887 0.029988499358296394 -0.1381726711988449 0.048647087067365646
0.003128424286842346 0.06909596920013428 0.045081108808517456 -0.1381920576095581 0.054249752312898636
0.004748055711388588 0.06910493224859238 0.031624119728803635 -0.1382099837064743 0.040939025580883026
0.0030079111456871033 0.06911324709653854 0.04099231958389282 -0.13822662830352783 0.03727364540100098
0.0044015273451805115 0.06912094354629517 0.05392828583717346 -0.13824205100536346 0.0432836152613163
0.0071928370743989944 0.06912814825773239 0.03624682128429413 -0.1382564753293991 0.03744090721011162
0.004484184086322784 0.06913488358259201 0.04358473792672157 -0.13826999068260193 0.05306195467710495
0.005983129143714905 0.0691412091255188 0.06726181507110596 -0.1382826566696167 0.04400848597288132
0.005470147356390953 0.06914717704057693 0.06474766135215759 -0.13829459249973297 0.03685680031776428
0.005695037543773651 0.06915280967950821 0.0727410688996315 -0.1383058875799179 0.036641303449869156
0.009891649708151817 0.06915813684463501 0.03951384127140045 -0.1383165419101715 0.049091462045907974
0.0053613632917404175 0.06916319578886032 0.03293819725513458 -0.13832667469978333 0.04819019138813019
0.010371986776590347 0.06916801631450653 0.07547654956579208 -0.13833631575107574 0.04028524458408356
0.004709623754024506 0.06917259842157364 0.04958358034491539 -0.13834550976753235 0.037970345467329025
0.004512634128332138 0.06917698681354523 0.04427804797887802 -0.13835428655147552 0.0367041639983654
0.005030699074268341 0.0691811814904213 0.04588860273361206 -0.13836267590522766 0.04289727658033371
0.0026007145643234253 0.06918520480394363 0.038469575345516205 -0.13837073743343353 0.04254036396741867
0.0036121532320976257 0.06918907165527344 0.03291941434144974 -0.13837845623493195 0.05094257742166519
0.0038859285414218903 0.0691927894949913 0.05257950723171234 -0.13838587701320648 0.0261174775660038
0.0060598477721214294 0.06919635832309723 0.03790585696697235 -0.13839302957057953 0.03782401978969574
0.004008684307336807 0.06919980049133301 0.03962687775492668 -0.13839994370937347 0.04590657353401184
0.003441888839006424 0.06920313090085983 0.05093199014663696 -0.13840658962726593 0.05211871117353439
0.0030322931706905365 0.0692063570022583 0.08262079209089279 -0.13841302692890167 0.0367392897605896
0.006277874112129211 0.06920947134494781 0.04386020824313164 -0.1384192556142807 0.04173050448298454
0.01045585423707962 0.06921248883008957 0.044307462871074677 -0.1384253054857254 0.030347831547260284
0.003980565816164017 0.06921540945768356 0.017909467220306396 -0.1384311467409134 0.04642030596733093
0.0043200161308050156 0.0692182406783104 0.04652782157063484 -0.13843680918216705 0.04706595093011856
0.0043951403349637985 0.06922099739313126 0.03155877813696861 -0.13844230771064758 0.03483952581882477
0.005958106368780136 0.06922366470098495 0.04141714423894882 -0.13844764232635498 0.039897553622722626
0.0037036947906017303 0.06922626495361328 0.04858953505754471 -0.13845284283161163 0.03634088486433029
0.004205513745546341 0.06922879070043564 0.023238854482769966 -0.13845787942409515 0.030993837863206863
0.00813441351056099 0.06923124939203262 0.08026618510484695 -0.13846279680728912 0.04688218608498573
0.006254136562347412 0.06923363357782364 0.04753808677196503 -0.13846756517887115 0.03508259356021881
0.010158976539969444 0.06923595815896988 0.04219605028629303 -0.13847219944000244 0.03944685682654381
