2.252532958984375 0.07126740366220474 6.930990695953369 -0.13331927359104156 0.10536849498748779
1.6652593612670898 8.905522008717526e-07 6.129017353057861 -1.3788134083370096e-06 0.1276238113641739
1.2009079456329346 6.554428466643003e-08 5.464813232421875 -2.423832654585567e-07 0.17317600548267365
0.8030266165733337 4.0239748955173127e-07 4.688482761383057 -8.059323590714484e-07 0.20105352997779846
0.6319862604141235 3.2956247650872683e-06 4.60191011428833 -1.0804083103721496e-05 0.23197907209396362
0.49646151065826416 3.166097667417489e-05 4.326749801635742 -8.298469037981704e-05 0.2451033890247345
0.41520532965660095 0.00010856300650630146 3.865375518798828 -0.000236215753830038 0.2594517171382904
0.29850760102272034 0.00013718244736082852 3.652193069458008 -0.000294800236588344 0.2716366648674011
0.28774020075798035 0.00011259908933425322 3.5032923221588135 -0.00024070893414318562 0.2778506577014923
0.22480475902557373 9.196740575134754e-05 3.253194570541382 -0.00025819981237873435 0.2762312591075897
0.1787470281124115 8.318913751281798e-05 3.0896568298339844 -0.0001428022951586172 0.27988889813423157
0.17234057188034058 9.769156895345077e-05 3.084373950958252 -0.00021129306696821004 0.28361278772354126
0.17933791875839233 0.00011018696386599913 2.884589910507202 -0.00022350437939167023 0.2852334976196289
0.2115081250667572 9.174548904411495e-05 2.8055529594421387 -0.00018929211364593357 0.28601643443107605
0.1660245954990387 0.0001367641962133348 2.738858699798584 -0.0002558118139859289 0.2794431746006012
0.07972843945026398 0.00014459763769991696 2.5064697265625 -0.00029497352079488337 0.28281864523887634
0.10342231392860413 0.0001401447952957824 2.273239850997925 -0.0003094373969361186 0.28974026441574097
0.11434178799390793 0.00016072367725428194 2.29012393951416 -0.00034384458558633924 0.27266472578048706
0.11087144911289215 0.00016745764878578484 2.1764297485351562 -0.00039201555773615837 0.2789037227630615
0.09232281893491745 0.00019611793686635792 2.109351396560669 -0.00038499676156789064 0.27203965187072754
0.145407572388649 0.0002111580251948908 2.2175564765930176 -0.0004223010619170964 0.2713770866394043
0.05745752900838852 0.00023608794435858727 1.8455052375793457 -0.0005106287426315248 0.26226940751075745
0.1418808400630951 0.00029642388108186424 2.0532007217407227 -0.000567483773920685 0.2504037022590637
0.08789113163948059 0.00023236431297846138 1.8935939073562622 -0.00046631545410491526 0.2643011212348938
0.0791972279548645 0.00035624936572276056 1.7033460140228271 -0.000719747506082058 0.2560354471206665
0.08084676414728165 0.0003276975767221302 1.7383129596710205 -0.0007444423972629011 0.25346803665161133
0.06010275334119797 0.00033949106000363827 1.568498969078064 -0.0006462867604568601 0.25489145517349243
0.028444752097129822 0.0003874288813676685 1.423079252243042 -0.000802584458142519 0.25099965929985046
0.06182665377855301 0.00047474290477111936 1.517474889755249 -0.0010223955614492297 0.23803387582302094
0.06748055666685104 0.0004964539548382163 1.2876734733581543 -0.0009612057474441826 0.23604628443717957
0.03079853765666485 0.0004263765295036137 1.3273106813430786 -0.0010258561233058572 0.2261691391468048
0.044791288673877716 0.0006492665270343423 1.4721184968948364 -0.0013639882672578096 0.2192678153514862
0.06710809469223022 0.00044328716467134655 1.1381031274795532 -0.0010214344365522265 0.22540363669395447
0.021603308618068695 0.0005747125251218677 1.0509722232818604 -0.001342369825579226 0.2111598253250122
0.03845600411295891 0.0006049726507626474 0.9713975191116333 -0.0011990731582045555 0.20996691286563873
0.048766136169433594 0.0008373294840566814 1.033021330833435 -0.0019290049094706774 0.20124024152755737
0.01590040512382984 0.0008281563641503453 1.0229073762893677 -0.001705507398582995 0.19140702486038208
0.071700319647789 0.0008774049929343164 1.13359797000885 -0.0019039687467738986 0.18105807900428772
0.026954051107168198 0.0009305804851464927 0.9883104562759399 -0.0018487507477402687 0.19579976797103882
0.023143021389842033 0.0011963070137426257 0.9209365844726562 -0.0026739502791315317 0.19359031319618225
0.03763207048177719 0.0012154111173003912 0.7189792394638062 -0.002504300558939576 0.1906442642211914
0.02568167634308338 0.0012540905736386776 0.8000191450119019 -0.0026369865518063307 0.17462405562400818
0.010501701384782791 0.0015360513934865594 0.7946882843971252 -0.0031894685234874487 0.1741020679473877
0.037104103714227676 0.0013311937218531966 0.7739725112915039 -0.002746117999777198 0.16766783595085144
0.02633553557097912 0.0014614638639613986 0.6090939044952393 -0.0033234201837331057 0.16281358897686005
0.011357245966792107 0.0016446721274405718 0.5940738916397095 -0.0035654769744724035 0.15102839469909668
0.018541906028985977 0.0012343147536739707 0.5694090127944946 -0.0026755051221698523 0.15015476942062378
0.005750931799411774 0.002092876937240362 0.6277078986167908 -0.0044675408862531185 0.14798703789710999
0.023552225902676582 0.0023880067747086287 0.670619010925293 -0.004844520706683397 0.15768617391586304
0.04366456717252731 0.001911586499772966 0.5355135798454285 -0.004467818420380354 0.1488667130470276
0.021099785342812538 0.002912338124588132 0.5883896350860596 -0.005569894798099995 0.1438426971435547
0.03980811685323715 0.0018716234480962157 0.6717811822891235 -0.0041086445562541485 0.1438823640346527
0.02451479062438011 0.0029671210795640945 0.6936789155006409 -0.006433737464249134 0.13801151514053345
0.04427207633852959 0.0025258876848965883 0.5893756151199341 -0.005298639182001352 0.1404612809419632
0.029627030715346336 0.003819245845079422 0.5210486054420471 -0.007943997159600258 0.13784120976924896
0.012085678055882454 0.003388400888070464 0.5052507519721985 -0.007356554269790649 0.13176575303077698
0.013176266103982925 0.004176976624876261 0.4343501031398773 -0.008600695990025997 0.12168695032596588
0.0764203667640686 0.003304795129224658 0.5358908772468567 -0.00704087084159255 0.12919986248016357
0.007687291130423546 0.004184194840490818 0.46647441387176514 -0.008800366893410683 0.11779023706912994
0.014168741181492805 0.007304258644580841 0.4685080945491791 -0.014918769709765911 0.11810348927974701
0.009046897292137146 0.006324061658233404 0.4432026445865631 -0.013124659657478333 0.12098729610443115
0.016060594469308853 0.005529285874217749 0.4635927379131317 -0.011854338459670544 0.11756189912557602
0.00747288204729557 0.009358679875731468 0.4452800154685974 -0.020004941150546074 0.12265695631504059
0.005975356325507164 0.011972268112003803 0.4698323905467987 -0.02410745620727539 0.10776129364967346
0.012897279113531113 0.007408313453197479 0.38080480694770813 -0.015360969118773937 0.11098593473434448
0.005948707461357117 0.009568038396537304 0.36629319190979004 -0.019076749682426453 0.0959939956665039
0.027418287470936775 0.007177230902016163 0.6035474538803101 -0.01513741072267294 0.1025705337524414
0.008309073746204376 0.01029970496892929 0.403048038482666 -0.02178253047168255 0.10184996575117111
0.007069377228617668 0.01515654381364584 0.31171831488609314 -0.03218119964003563 0.10681979358196259
0.016521628946065903 0.021868988871574402 0.3201873302459717 -0.0448484793305397 0.09449084848165512
0.0050097182393074036 0.029333272948861122 0.31262150406837463 -0.059623152017593384 0.0905313491821289
0.008302811533212662 0.0345756895840168 0.4590989649295807 -0.0699457898736 0.09957320988178253
0.006702061742544174 0.03944401070475578 0.31995102763175964 -0.0798950120806694 0.0991586446762085
0.02644789032638073 0.048983633518218994 0.3098888099193573 -0.09912838041782379 0.08208607137203217
0.007115326821804047 0.058917880058288574 0.3396154046058655 -0.11890647560358047 0.08090943843126297
0.020759770646691322 0.06886527687311172 0.2901952266693115 -0.13807326555252075 0.08160535991191864
0.02908671833574772 0.06928595155477524 0.2790221571922302 -0.13856784999370575 0.0883742943406105
0.01576138660311699 0.06919214129447937 0.3585648536682129 -0.1383739709854126 0.08935073018074036
0.016531381756067276 0.0692196860909462 0.33847370743751526 -0.1384345144033432 0.09076474606990814
0.011438542976975441 0.06920938938856125 0.28473174571990967 -0.13842444121837616 0.09209585189819336
0.02111043967306614 0.06921330094337463 0.23567242920398712 -0.13841985166072845 0.07844178378582001
0.005739772692322731 0.06920932978391647 0.2153720110654831 -0.13841098546981812 0.07774139940738678
0.009851888753473759 0.06918302923440933 0.25916731357574463 -0.1383563131093979 0.07172496616840363
0.02230704016983509 0.0691584050655365 0.31643563508987427 -0.13830938935279846 0.09623943269252777
0.018218474462628365 0.06914181262254715 0.31287533044815063 -0.13827739655971527 0.0760185718536377
0.02422933280467987 0.06913333386182785 0.2793855667114258 -0.13825896382331848 0.07666763663291931
0.01794702373445034 0.06912560015916824 0.29720282554626465 -0.13824516534805298 0.07618255168199539
0.01251227781176567 0.06913508474826813 0.20970776677131653 -0.13826671242713928 0.07532879710197449
0.013471019454300404 0.06915195286273956 0.2599075436592102 -0.13830213248729706 0.0819331482052803
0.005484467372298241 0.069172203540802 0.304103821516037 -0.13834364712238312 0.08556769043207169
0.031098250299692154 0.06919176131486893 0.27524590492248535 -0.1383834183216095 0.0755947008728981
0.008350599557161331 0.0692094936966896 0.24485434591770172 -0.13841921091079712 0.07412240654230118
0.015254830941557884 0.06922508776187897 0.2268502563238144 -0.13845063745975494 0.07092709094285965
0.004156239330768585 0.06923848390579224 0.2506171464920044 -0.13847748935222626 0.07128458470106125
0.008499924093484879 0.06924977153539658 0.20908527076244354 -0.13850009441375732 0.07869769632816315
0.008743830025196075 0.06925918161869049 0.21526920795440674 -0.13851891458034515 0.07128937542438507
0.02451944537460804 0.06926693767309189 0.2258986234664917 -0.13853438198566437 0.0703253224492073
0.007203664630651474 0.06927335262298584 0.15675750374794006 -0.13854718208312988 0.06479135900735855
0.003175182268023491 0.06927864998579025 0.24582958221435547 -0.13855771720409393 0.05852773040533066
0.012767532840371132 0.06928297132253647 0.22155654430389404 -0.13856633007526398 0.07846591621637344
0.014251716434955597 0.0692865401506424 0.22025980055332184 -0.13857343792915344 0.059330299496650696
0.009298818185925484 0.06928949803113937 0.18919283151626587 -0.138579323887825 0.05935785174369812
0.04610069841146469 0.06929197162389755 0.18635310232639313 -0.13858425617218018 0.05561518669128418
0.011799613945186138 0.06929405778646469 0.17457158863544464 -0.13858841359615326 0.06993323564529419
0.008168395608663559 0.06929583847522736 0.21443045139312744 -0.138591930270195 0.06643042713403702
0.01750796288251877 0.06929733604192734 0.1472230851650238 -0.13859491050243378 0.06720684468746185
0.010760040953755379 0.0692986398935318 0.19454123079776764 -0.13859747350215912 0.06938153505325317
0.004530742764472961 0.06929975003004074 0.14756354689598083 -0.1385996788740158 0.05334179475903511
0.005487792193889618 0.06930072605609894 0.1477404236793518 -0.1386016309261322 0.05718586593866348
0.008698627352714539 0.06930159032344818 0.1346987783908844 -0.1386033296585083 0.06450823694467545
0.013787595555186272 0.06930235028266907 0.1506059467792511 -0.13860483467578888 0.06776025146245956
0.03267723321914673 0.06930302828550339 0.20685510337352753 -0.13860619068145752 0.057843759655952454
0.009797004982829094 0.06930363923311234 0.18482008576393127 -0.13860738277435303 0.0621829517185688
0.010472193360328674 0.06930419057607651 0.18069547414779663 -0.13860848546028137 0.07374320924282074
0.010489197447896004 0.0693046823143959 0.10403897613286972 -0.13860945403575897 0.06619466096162796
0.017834732308983803 0.06930514425039291 0.12190957367420197 -0.1386103630065918 0.05869103595614433
0.019340436905622482 0.06930556148290634 0.14414653182029724 -0.13861119747161865 0.056499652564525604
0.012807413935661316 0.06930594891309738 0.21646210551261902 -0.13861195743083954 0.054013531655073166
0.006970684975385666 0.06930630654096603 0.1431409865617752 -0.13861267268657684 0.06977421045303345
0.006549198180437088 0.0693066343665123 0.18664103746414185 -0.13861332833766937 0.04536297544836998
0.01403830386698246 0.06930694729089737 0.0968378409743309 -0.13861393928527832 0.0566001832485199
0.008120108395814896 0.06930723786354065 0.1379488706588745 -0.13861452043056488 0.07934622466564178
0.006431899964809418 0.06930750608444214 0.1368369311094284 -0.13861505687236786 0.060935381799936295
0.01552264578640461 0.06930776685476303 0.20868636667728424 -0.13861559331417084 0.06453057378530502
0.02870163694024086 0.06930800527334213 0.16294071078300476 -0.13861607015132904 0.06387650966644287
0.019065722823143005 0.06930824369192123 0.12463340908288956 -0.13861653208732605 0.06616923213005066
0.005643855780363083 0.06930846720933914 0.0919463038444519 -0.13861696422100067 0.06649395823478699
0.008763888850808144 0.06930867582559586 0.12347462773323059 -0.1386173814535141 0.06533589959144592
0.013185078278183937 0.06930887699127197 0.12854264676570892 -0.13861779868602753 0.05762723833322525
0.004830669611692429 0.06930907070636749 0.128183975815773 -0.13861817121505737 0.07319363206624985
0.004403257742524147 0.06930925697088242 0.1063680350780487 -0.13861854374408722 0.0739833191037178
0.009786773473024368 0.06930943578481674 0.13762392103672028 -0.13861890137195587 0.05659440904855728
0.007679561153054237 0.06930960714817047 0.14872251451015472 -0.13861922919750214 0.07113790512084961
0.006301820278167725 0.069309763610363 0.1333438754081726 -0.1386195719242096 0.050995972007513046
0.005491673946380615 0.06930992752313614 0.0992250144481659 -0.13861988484859467 0.07046059519052505
0.011466901749372482 0.06931008398532867 0.10475592315196991 -0.13862018287181854 0.05734299123287201
0.0068473778665065765 0.06931023299694061 0.17644423246383667 -0.13862048089504242 0.04747852683067322
0.012172374874353409 0.06931037455797195 0.19863270223140717 -0.1386207789182663 0.06097057834267616
0.005724366754293442 0.0693105086684227 0.135372132062912 -0.13862104713916779 0.06515049189329147
0.010567562654614449 0.06931065768003464 0.08223575353622437 -0.13862131536006927 0.043748337775468826
0.018408749252557755 0.06931078433990479 0.14216306805610657 -0.13862158358097076 0.052623651921749115
0.011268561705946922 0.06931090354919434 0.07049904763698578 -0.13862183690071106 0.04545053094625473
0.007406022399663925 0.06931103020906448 0.07383698970079422 -0.13862207531929016 0.06669315695762634
0.021349173039197922 0.06931114941835403 0.07965618371963501 -0.13862231373786926 0.044988349080085754
0.023691553622484207 0.06931126117706299 0.09477727860212326 -0.13862255215644836 0.043687641620635986
0.014087239280343056 0.06931138038635254 0.13195136189460754 -0.13862276077270508 0.06375472992658615
0.02755691111087799 0.06931149214506149 0.11365865170955658 -0.13862299919128418 0.06220689415931702
0.0047363582998514175 0.06931159645318985 0.12887202203273773 -0.1386232078075409 0.06965707242488861
0.004374183714389801 0.06931169331073761 0.126335009932518 -0.1386234015226364 0.05515896528959274
0.01425165869295597 0.06931179761886597 0.07554790377616882 -0.13862359523773193 0.05684090405702591
0.006184982135891914 0.06931189447641373 0.07716384530067444 -0.13862381875514984 0.06658783555030823
0.004978526383638382 0.06931199133396149 0.08328010141849518 -0.13862398266792297 0.05927351489663124
0.005277082324028015 0.06931208819150925 0.08313103765249252 -0.1386241763830185 0.05934404581785202
0.008160699158906937 0.06931217014789581 0.06729894876480103 -0.13862435519695282 0.06846145540475845
0.015087672509253025 0.06931225210428238 0.07702313363552094 -0.13862453401088715 0.051648013293743134
0.006839564070105553 0.06931234896183014 0.07230318337678909 -0.13862469792366028 0.05083400383591652
0.019015533849596977 0.06931241601705551 0.09000454843044281 -0.1386248618364334 0.07593898475170135
0.004665445536375046 0.06931250542402267 0.0868477076292038 -0.13862502574920654 0.0642159953713417
0.011228643357753754 0.06931258738040924 0.0887455940246582 -0.13862517476081848 0.05336429178714752
0.019730953499674797 0.06931265443563461 0.08086562156677246 -0.13862530887126923 0.06624341756105423
0.007342338562011719 0.06931272894144058 0.08538656681776047 -0.13862548768520355 0.0514751672744751
0.004112657159566879 0.06931280344724655 0.034798961132764816 -0.1386256217956543 0.06916934251785278
0.05225208401679993 0.06931287050247192 0.06886816024780273 -0.13862574100494385 0.06137912720441818
0.008678102865815163 0.0693129450082779 0.09436206519603729 -0.1386258900165558 0.063017837703228
0.00909939594566822 0.06931300461292267 0.0663338452577591 -0.13862600922584534 0.07272955030202866
0.005383100360631943 0.06931306421756744 0.10483057051897049 -0.13862614333629608 0.05536380410194397
0.0068606045097112656 0.06931312382221222 0.09082211554050446 -0.13862626254558563 0.05619698017835617
0.01252271793782711 0.069313183426857 0.10097362101078033 -0.13862638175487518 0.061764948070049286
0.005189143121242523 0.06931324303150177 0.03613050654530525 -0.13862650096416473 0.07488484680652618
0.010903406888246536 0.06931330263614655 0.0950087383389473 -0.1386266052722931 0.08474697172641754
0.00458831712603569 0.06931334733963013 0.06897686421871185 -0.13862672448158264 0.07736346125602722
0.00826316513121128 0.0693134069442749 0.06596986204385757 -0.1386268138885498 0.08179132640361786
0.008718086406588554 0.06931345909833908 0.06340998411178589 -0.13862691819667816 0.08329817652702332
0.00529131293296814 0.06931350380182266 0.08787994086742401 -0.13862702250480652 0.08480712026357651
0.005533870309591293 0.06931354850530624 0.06943230330944061 -0.13862712681293488 0.06935581564903259
0.0031608864665031433 0.06931360065937042 0.05840831622481346 -0.13862720131874084 0.07232947647571564
0.013773206621408463 0.069313645362854 0.12769408524036407 -0.138627290725708 0.06406667828559875
0.003383304923772812 0.06931369751691818 0.06325387954711914 -0.13862739503383636 0.07303962111473083
0.005355753004550934 0.06931372731924057 0.0948430523276329 -0.13862745463848114 0.08380954712629318
0.003711022436618805 0.06931376457214355 0.062171053141355515 -0.1386275291442871 0.07296056300401688
0.012877600267529488 0.06931381672620773 0.08362343907356262 -0.13862763345241547 0.06979469209909439
0.004718035459518433 0.06931384652853012 0.04452626779675484 -0.13862769305706024 0.0822838693857193
0.00941312126815319 0.0693138837814331 0.08556161820888519 -0.1386277675628662 0.06546591222286224
0.010247176513075829 0.06931392103433609 0.04114709049463272 -0.13862784206867218 0.0772157534956932
0.005295395851135254 0.06931395828723907 0.08495663106441498 -0.13862791657447815 0.08545428514480591
0.005779672414064407 0.06931398808956146 0.09623540937900543 -0.13862797617912292 0.07367192208766937
0.03499957546591759 0.06931401789188385 0.08646607398986816 -0.1386280357837677 0.08212900161743164
0.018136419355869293 0.06931404769420624 0.09820105135440826 -0.13862811028957367 0.08183541893959045
0.0039057843387126923 0.06931407749652863 0.03951398283243179 -0.13862815499305725 0.07160134613513947
0.02241501584649086 0.06931411474943161 0.0553247332572937 -0.13862819969654083 0.06901945173740387
0.008728083223104477 0.0693141371011734 0.07855871319770813 -0.1386282742023468 0.07305409014225006
0.012207025662064552 0.06931415945291519 0.017869919538497925 -0.13862831890583038 0.09385014325380325
0.017309032380580902 0.06931418180465698 0.05350252613425255 -0.13862836360931396 0.09679614007472992
0.011136909946799278 0.06931420415639877 0.02758164331316948 -0.13862840831279755 0.08346552401781082
0.006699420511722565 0.06931423395872116 0.11532192677259445 -0.13862846791744232 0.09597992151975632
0.008100157603621483 0.06931425631046295 0.03920697793364525 -0.1386285126209259 0.07134824246168137
0.0161540936678648 0.06931427866220474 0.03930336609482765 -0.13862855732440948 0.09290564060211182
0.028161074966192245 0.06931429356336594 0.11074070632457733 -0.13862860202789307 0.09428916871547699
0.01212870329618454 0.06931431591510773 0.023789260536432266 -0.13862863183021545 0.09937585890293121
0.006522923707962036 0.06931433826684952 0.0720587819814682 -0.13862867653369904 0.08694244176149368
