2.382124900817871 0.07142087072134018 0.49219465255737305 -0.1445387601852417 0.10600299388170242
2.3257997035980225 0.06913135200738907 0.3332662582397461 -0.14058659970760345 0.10472851991653442
2.270230770111084 0.06541098654270172 0.2753181457519531 -0.13010273873806 0.10718908905982971
2.2292861938476562 0.059482015669345856 0.1403031349182129 -0.11885342746973038 0.10492506623268127
2.152625560760498 0.052288658916950226 -0.0012521743774414062 -0.10298039019107819 0.10712533444166183
2.15938138961792 0.04332372173666954 -0.2669525146484375 -0.08529777824878693 0.10703398287296295
2.088444948196411 0.03494640812277794 -0.10434675216674805 -0.06899870187044144 0.10639580339193344
2.070319175720215 0.028480026870965958 -0.4811978340148926 -0.05745881795883179 0.11203426122665405
2.0075576305389404 0.023063985630869865 -0.5417685508728027 -0.044580500572919846 0.11143453419208527
2.018317699432373 0.018365761265158653 -0.5513248443603516 -0.036272164434194565 0.10945616662502289
1.94148850440979 0.014349288307130337 -1.043138027191162 -0.029669364914298058 0.110995352268219
1.8769221305847168 0.010740600526332855 -1.4990582466125488 -0.02201816812157631 0.11203345656394958
1.9459214210510254 0.00898915994912386 -1.3533082008361816 -0.01860717311501503 0.11276595294475555
1.83123779296875 0.007357835303992033 -1.549117088317871 -0.014905110001564026 0.11389467120170593
1.8256069421768188 0.00604481203481555 -1.7006111145019531 -0.012826750054955482 0.11680777370929718
1.80284583568573 0.005372423212975264 -2.1931185722351074 -0.011206197552382946 0.11455745995044708
1.7680796384811401 0.004250355996191502 -2.33506441116333 -0.00921896006911993 0.1145094633102417
1.716820240020752 0.0035698660649359226 -2.448821544647217 -0.007347031030803919 0.11947417259216309
1.681807518005371 0.0030741828959435225 -2.6527862548828125 -0.006313180085271597 0.12080329656600952
1.6930291652679443 0.0028827486094087362 -3.3129959106445312 -0.006568545009940863 0.11938469111919403
1.6724135875701904 0.0027071686927229166 -3.3504819869995117 -0.005675185471773148 0.12208052724599838
1.5805879831314087 0.002326153451576829 -3.0153603553771973 -0.004831082187592983 0.1256588250398636
1.6103185415267944 0.002003956586122513 -3.9546737670898438 -0.004310401156544685 0.12563174962997437
1.6083303689956665 0.0016567455604672432 -4.23169469833374 -0.003808246925473213 0.12753796577453613
1.5883066654205322 0.0014539854601025581 -3.932567596435547 -0.0033508508931845427 0.12773644924163818
1.5376702547073364 0.0014701583422720432 -4.353056907653809 -0.0030859371181577444 0.13169170916080475
1.498209834098816 0.0013258797116577625 -4.652532577514648 -0.0027446397580206394 0.1310441792011261
1.457414150238037 0.0013547471025958657 -4.87661600112915 -0.0028519933111965656 0.12951704859733582
1.4837214946746826 0.001069383230060339 -5.210955619812012 -0.0024240075144916773 0.1318342536687851
1.4851118326187134 0.0010920461500063539 -5.614368438720703 -0.0021907498594373465 0.13490884006023407
1.4995287656784058 0.0009038359858095646 -5.557600498199463 -0.0020087503362447023 0.13870149850845337
1.4288828372955322 0.0009449631324969232 -5.736776828765869 -0.0021399424877017736 0.1347498595714569
1.367271900177002 0.0007818741141818464 -5.644926071166992 -0.0016581148374825716 0.13527782261371613
1.459100365638733 0.0007770027732476592 -6.385351181030273 -0.0015841167187318206 0.14377135038375854
1.4081835746765137 0.0007874271250329912 -6.019308567047119 -0.0018289070576429367 0.140668585896492
1.3095767498016357 0.0007057149196043611 -7.825589179992676 -0.0014406595146283507 0.14632382988929749
1.3313665390014648 0.0007078842609189451 -6.394993305206299 -0.0014300044858828187 0.14686793088912964
1.3513264656066895 0.000672069494612515 -7.23655366897583 -0.0013962024822831154 0.14869341254234314
1.3160101175308228 0.0006503305630758405 -6.877270221710205 -0.0014024194097146392 0.148406982421875
1.3573158979415894 0.0005568288615904748 -6.914252281188965 -0.0012123814085498452 0.1472107321023941
1.2781137228012085 0.0005662890034727752 -8.019033432006836 -0.0013329221401363611 0.15370319783687592
1.2557674646377563 0.0005687476950697601 -7.801975250244141 -0.0013256840175017715 0.1539490818977356
1.1507951021194458 0.0005197517457418144 -7.919339179992676 -0.0012534769484773278 0.15415465831756592
1.2146549224853516 0.0004942843806929886 -8.541749954223633 -0.0011325342347845435 0.15216702222824097
1.242978572845459 0.0005220888997428119 -8.267921447753906 -0.0012022432638332248 0.15872959792613983
1.2262029647827148 0.0005197713035158813 -8.191516876220703 -0.0010337912244722247 0.15595610439777374
1.1127160787582397 0.00051373231690377 -9.52801513671875 -0.001070891390554607 0.16322565078735352
1.1776049137115479 0.00047374897985719144 -8.920053482055664 -0.0010707078035920858 0.15646827220916748
1.2873265743255615 0.00047969314618967474 -9.698753356933594 -0.0009897045092657208 0.16508986055850983
1.1529903411865234 0.0004497292102314532 -9.430046081542969 -0.0010284259915351868 0.17165330052375793
1.1394081115722656 0.00042473580106161535 -9.15552806854248 -0.0008995163370855153 0.16603706777095795
1.0478925704956055 0.0004536884371191263 -9.990935325622559 -0.0010354158002883196 0.17110207676887512
1.1432075500488281 0.00045671986299566925 -10.197057723999023 -0.000911533075850457 0.16604018211364746
1.0246244668960571 0.00043113259016536176 -10.638250350952148 -0.0009808806935325265 0.16499236226081848
1.1016877889633179 0.00037878408329561353 -10.665699005126953 -0.0008824261021800339 0.1696222722530365
1.0437288284301758 0.000416673778090626 -10.028207778930664 -0.0009283717954531312 0.1721513271331787
1.0255107879638672 0.00038549842429347336 -11.597467422485352 -0.0008946806192398071 0.17208202183246613
