2.237846851348877 0.07163179665803909 6.898196697235107 -0.14316801726818085 0.10592974722385406
1.5989559888839722 0.0020593812223523855 5.946385860443115 -0.002170640742406249 0.12752676010131836
1.2089359760284424 1.0588766599539667e-05 5.460132598876953 -1.3516044418793172e-05 0.1711992770433426
0.8967445492744446 6.7012442741543055e-06 4.9525628089904785 -1.0651930097083095e-05 0.21495819091796875
0.5234606266021729 2.275903352710884e-05 4.39048957824707 -3.6954355891793966e-05 0.24468615651130676
0.47214895486831665 8.17640611785464e-05 4.0366339683532715 -0.00013815930287819356 0.26622653007507324
0.3214707672595978 0.00013748512719757855 3.9758856296539307 -0.00022400837042368948 0.28285810351371765
0.2404736876487732 0.00017562421271577477 3.6139469146728516 -0.00032978164381347597 0.299771249294281
0.31199800968170166 0.00014242695760913193 3.4591493606567383 -0.0002484124561306089 0.30401575565338135
0.2028147578239441 0.00011457898654043674 3.270197629928589 -0.0002232765400549397 0.3059566617012024
0.2545246481895447 0.00014695542631670833 3.2959914207458496 -0.00023880087246652693 0.3004966378211975
0.1257878541946411 0.00012282082752790302 2.8260931968688965 -0.00022810185328125954 0.30503910779953003
0.15690787136554718 0.00012737198267132044 2.937354564666748 -0.0002545869501773268 0.3076667785644531
0.145347461104393 0.0001530117297079414 2.7040629386901855 -0.0002925756270997226 0.299411416053772
0.10899271070957184 0.0001678697153693065 2.70560884475708 -0.00031462940387427807 0.3003166615962982
0.12352155148983002 0.00014731721603311598 2.4953603744506836 -0.00030008089379407465 0.2893070876598358
0.14957430958747864 0.00014055623614694923 2.4167556762695312 -0.0002555210085120052 0.29218408465385437
0.08271733671426773 0.00013012070849072188 2.261273145675659 -0.0002607500064186752 0.29432445764541626
0.09975017607212067 0.0001620095717953518 2.2841291427612305 -0.00031040498288348317 0.2962486743927002
0.09444892406463623 0.00018297038332093507 1.9809612035751343 -0.0003948459925595671 0.2898745834827423
0.08902131766080856 0.0001987178111448884 1.953747034072876 -0.00041654083179309964 0.28542062640190125
0.0752580314874649 0.00015490104851778597 1.936393141746521 -0.0003443392051849514 0.28203362226486206
0.08889122307300568 0.00026420436915941536 1.8160120248794556 -0.0005396584165282547 0.2759856581687927
0.12412172555923462 0.000259044929407537 1.9613125324249268 -0.0004983387771062553 0.2799456715583801
0.03664427623152733 0.0002151564258383587 1.7419660091400146 -0.0004809386155102402 0.26304957270622253
0.08531130850315094 0.0002450385072734207 1.6192870140075684 -0.0005232483963482082 0.2649499177932739
0.05664283037185669 0.00026088228332810104 1.5224019289016724 -0.0005663733463734388 0.2528035044670105
0.042073458433151245 0.0002928012690972537 1.509966254234314 -0.0006141318008303642 0.25589579343795776
0.03556181117892265 0.0002947973262052983 1.4914493560791016 -0.0006572995334863663 0.24501247704029083
0.06621778011322021 0.0002429045271128416 1.3977302312850952 -0.0005647037178277969 0.2364376187324524
0.028633493930101395 0.0002547512704040855 1.2702605724334717 -0.0005923425196669996 0.23567894101142883
0.0649355798959732 0.000334456650307402 1.2862095832824707 -0.0006809704354964197 0.23323968052864075
0.025591161102056503 0.00029846475808881223 1.185896396636963 -0.0006783404969610274 0.2327585369348526
0.025546513497829437 0.00028681085677817464 1.1553987264633179 -0.0005945938755758107 0.22337043285369873
0.05856475979089737 0.00037785005406476557 1.1149412393569946 -0.0009103328338824213 0.2201763391494751
0.03716294467449188 0.0003195020544808358 1.1566219329833984 -0.0007000774494372308 0.22070933878421783
0.022771118208765984 0.00029156767413951457 0.9608659148216248 -0.0006066844798624516 0.2106592357158661
0.028172805905342102 0.0003953492850996554 0.9808011054992676 -0.0008941527339629829 0.2129552960395813
0.05170437693595886 0.00031713585485704243 0.9532997012138367 -0.0007457009633071721 0.21547158062458038
0.021987995132803917 0.0003090908576268703 0.7776003479957581 -0.0006941020837984979 0.20804095268249512
0.02484969235956669 0.00038252893136814237 0.7792080640792847 -0.0007984379190020263 0.20874181389808655
0.03811083361506462 0.0003020766598638147 0.740588903427124 -0.0007571090827696025 0.20128598809242249
0.028778154402971268 0.0005170292570255697 0.713536262512207 -0.001081662136130035 0.18953675031661987
0.01776154339313507 0.0004132202884647995 0.7537606954574585 -0.0010152064496651292 0.1847749501466751
0.03758601099252701 0.00041054250323213637 0.6595830917358398 -0.0009521040483377874 0.18340453505516052
0.006055261939764023 0.0006502799806185067 0.6659418940544128 -0.0014086748706176877 0.16776612401008606
0.02453348971903324 0.0005184835754334927 0.6209621429443359 -0.0011094285873696208 0.17258889973163605
0.02653723955154419 0.0005356142646633089 0.69792640209198 -0.001279447111301124 0.17869722843170166
0.010491866618394852 0.0006405562162399292 0.6751600503921509 -0.0012749909656122327 0.16662602126598358
0.05423618480563164 0.0005964654847048223 0.5933794379234314 -0.0014620701549574733 0.16500242054462433
0.013436896726489067 0.0006689242436550558 0.5514585375785828 -0.0013963559176772833 0.16247902810573578
0.01976279728114605 0.0007175595383159816 0.6606279611587524 -0.0018366547301411629 0.160765141248703
0.04849189147353172 0.000721694144885987 0.5244665741920471 -0.0015662078512832522 0.14848217368125916
0.0359744094312191 0.0004947599372826517 0.5141153335571289 -0.001076699118129909 0.152910053730011
0.01056293211877346 0.0006476762937381864 0.5286910533905029 -0.0014553811633959413 0.1501540094614029
0.01136908121407032 0.0009773332858458161 0.551369309425354 -0.002029219176620245 0.1432090401649475
0.006578238680958748 0.0009082563337869942 0.5848811864852905 -0.001989478012546897 0.15759173035621643
0.011372910812497139 0.0006388637120835483 0.4893844425678253 -0.0015485362382605672 0.14378029108047485
0.012385707348585129 0.0008577962289564312 0.41889581084251404 -0.0019031750271096826 0.15109282732009888
0.03019990772008896 0.0008314723381772637 0.40775266289711 -0.001883879886008799 0.13748063147068024
0.02328088879585266 0.0007981195230968297 0.39866381883621216 -0.0017498843371868134 0.13839153945446014
0.020601360127329826 0.0008398666977882385 0.4161395728588104 -0.0017595792887732387 0.1427762806415558
0.021069081500172615 0.0010687619214877486 0.5079846978187561 -0.002370034111663699 0.13490036129951477
0.03735490143299103 0.0011494593927636743 0.46097078919410706 -0.0024910573847591877 0.13902027904987335
0.008902087807655334 0.001110568642616272 0.4188520312309265 -0.002437102608382702 0.1381167620420456
0.013660449534654617 0.0009235311299562454 0.42983153462409973 -0.0021350623574107885 0.12785211205482483
0.03461173176765442 0.001370358862914145 0.48099538683891296 -0.0032360919285565615 0.12691737711429596
0.012500394135713577 0.0010388250229880214 0.3986309766769409 -0.0023590242490172386 0.11357639729976654
0.018782256171107292 0.0009163967333734035 0.32582926750183105 -0.0020240587182343006 0.12609687447547913
0.0454549677670002 0.0016799286240711808 0.3298075497150421 -0.003869818290695548 0.12317516654729843
0.012248089537024498 0.0011456849751994014 0.2864622473716736 -0.002504691481590271 0.11174821853637695
0.010169094428420067 0.0012514324625954032 0.3659014403820038 -0.0027577353175729513 0.11514608561992645
0.00880448892712593 0.0018228626577183604 0.3228347897529602 -0.0040192436426877975 0.12111233174800873
0.004518644884228706 0.0012798851821571589 0.3548092544078827 -0.0027925458271056414 0.13264809548854828
0.0346139557659626 0.001204484491609037 0.40333452820777893 -0.0027919947169721127 0.11578349769115448
0.02095910534262657 0.0014107663882896304 0.30773985385894775 -0.0030409551691263914 0.11033076047897339
0.012993479147553444 0.0013190454337745905 0.2998228073120117 -0.0031752788927406073 0.11651220917701721
0.013607773929834366 0.0016286199679598212 0.3436691164970398 -0.003497719531878829 0.10582709312438965
0.014158377423882484 0.0018006928730756044 0.2974548935890198 -0.003914366010576487 0.11151337623596191
0.014159299433231354 0.0021184433717280626 0.32633593678474426 -0.00468802684918046 0.12235842645168304
0.047897566109895706 0.001363080576993525 0.2151874154806137 -0.002986231120303273 0.11005127429962158
0.006367113441228867 0.0019759286660701036 0.2657296359539032 -0.004514671862125397 0.1130920946598053
0.011418779380619526 0.0017697496805340052 0.23692242801189423 -0.003723246743902564 0.11014112830162048
0.019137488678097725 0.0017675254493951797 0.27456429600715637 -0.003865119069814682 0.10879204422235489
0.00805923156440258 0.0023555809166282415 0.23154884576797485 -0.004840365145355463 0.11266247928142548
0.015321444720029831 0.002555136801674962 0.2938801944255829 -0.0057023088447749615 0.11622454226016998
0.014438248239457607 0.00226902705617249 0.21571679413318634 -0.004837595857679844 0.1037723571062088
0.012442518025636673 0.0022579350043088198 0.23250462114810944 -0.004933737218379974 0.11432626843452454
0.006574351340532303 0.001976592466235161 0.1855744570493698 -0.004308963660150766 0.12283723056316376
0.0605250708758831 0.002107323380187154 0.22303709387779236 -0.004821609705686569 0.11709584295749664
0.008468348532915115 0.002694535767659545 0.19040267169475555 -0.006103138439357281 0.09722393751144409
0.007536685094237328 0.0019202184630557895 0.17991593480110168 -0.004248247481882572 0.10209932923316956
0.02679031528532505 0.003067315323278308 0.26353052258491516 -0.00665868679061532 0.116964191198349
0.019174110144376755 0.00348253408446908 0.24945375323295593 -0.0072955116629600525 0.09642717242240906
0.002873191609978676 0.0031954701989889145 0.22800365090370178 -0.007167324423789978 0.11313647031784058
0.02928597293794155 0.003771423129364848 0.3402986526489258 -0.007982407696545124 0.12280404567718506
0.005144398659467697 0.003277405397966504 0.12568657100200653 -0.006874363403767347 0.12201367318630219
0.04694260656833649 0.005113914608955383 0.25794553756713867 -0.011068793013691902 0.11225567013025284
0.01958179846405983 0.0036574595142155886 0.2103533148765564 -0.007325500249862671 0.1410115510225296
0.019823729991912842 0.003596434835344553 0.18056325614452362 -0.007756570819765329 0.14690175652503967
0.006386114284396172 0.005460010375827551 0.1563192754983902 -0.011315603740513325 0.0842057541012764
0.008857149630784988 0.003002815181389451 0.17551320791244507 -0.00617469847202301 0.09625935554504395
0.003782358020544052 0.003834795905277133 0.1475573182106018 -0.008552396669983864 0.13508856296539307
0.03040424734354019 0.007597847376018763 0.1871955692768097 -0.01626591384410858 0.12216934561729431
0.014025930315256119 0.005897912196815014 0.1260281503200531 -0.01214835699647665 0.11472621560096741
0.00859474204480648 0.004611894953995943 0.20261189341545105 -0.01015002466738224 0.12029793858528137
0.019410789012908936 0.00903817918151617 0.21358193457126617 -0.018985195085406303 0.11322593688964844
0.015642166137695312 0.006406533997505903 0.12917554378509521 -0.012876063585281372 0.13667240738868713
0.03679791837930679 0.004771765321493149 0.19641649723052979 -0.01000976748764515 0.11257700622081757
0.005329171195626259 0.0053704106248915195 0.14875055849552155 -0.011731325648725033 0.12928476929664612
0.005606355145573616 0.012851056642830372 0.15834097564220428 -0.02826080098748207 0.0992288887500763
0.004688043147325516 0.023620350286364555 0.12693117558956146 -0.04906798154115677 0.09046439081430435
0.00751475989818573 0.02895325981080532 0.16090644896030426 -0.0602838471531868 0.09454699605703354
0.015942120924592018 0.03676317259669304 0.16373087465763092 -0.07532428950071335 0.11043885350227356
0.01461059134453535 0.04694368690252304 0.13304927945137024 -0.0955420583486557 0.1025921106338501
0.009715694934129715 0.057701338082551956 0.17306862771511078 -0.11809902638196945 0.1133444756269455
0.010665109381079674 0.0690314918756485 0.09850133955478668 -0.13824239373207092 0.10543242841959
0.023860475048422813 0.06923031806945801 0.11443193256855011 -0.1384533792734146 0.1211453378200531
0.010748811066150665 0.06916331499814987 0.17730847001075745 -0.1383165419101715 0.12062279134988785
0.013427149504423141 0.06918976455926895 0.18427327275276184 -0.13836698234081268 0.1145484670996666
0.007166853174567223 0.06921575218439102 0.1867469698190689 -0.13842464983463287 0.13517987728118896
0.00482085719704628 0.06921765953302383 0.15125776827335358 -0.13843213021755219 0.11424722522497177
0.007677540183067322 0.06921609491109848 0.10057122260332108 -0.13842669129371643 0.12411706149578094
0.0218159481883049 0.06921400874853134 0.09698589146137238 -0.13842760026454926 0.08911092579364777
0.015331057831645012 0.06921879202127457 0.10040123760700226 -0.138434037566185 0.11602883040904999
0.020906521007418633 0.06922077387571335 0.11369727551937103 -0.13844242691993713 0.10716377198696136
0.03901956230401993 0.06922336667776108 0.07822971045970917 -0.13844561576843262 0.09913520514965057
0.03619791567325592 0.06921694427728653 0.15555556118488312 -0.13843248784542084 0.12052008509635925
0.003179628401994705 0.06921610236167908 0.15083570778369904 -0.1384298950433731 0.10426174849271774
0.0071119219064712524 0.06920762360095978 0.06333674490451813 -0.13841372728347778 0.09995599091053009
0.017586642876267433 0.06919723749160767 0.11466348171234131 -0.13839411735534668 0.11683626472949982
0.008803647011518478 0.06918920576572418 0.14814186096191406 -0.1383802592754364 0.11905457824468613
0.00652184896171093 0.06919080018997192 0.1423984318971634 -0.13838371634483337 0.10286454111337662
0.01367182657122612 0.06919735670089722 0.07020563632249832 -0.138397216796875 0.11991405487060547
0.008239349350333214 0.06920827925205231 0.0963224545121193 -0.13841891288757324 0.14038237929344177
0.008622869849205017 0.06921987235546112 0.10622534155845642 -0.13844165205955505 0.1350526362657547
0.057891830801963806 0.06923075765371323 0.12053337693214417 -0.13846297562122345 0.11027314513921738
0.018727153539657593 0.06924013048410416 0.17957676947116852 -0.13848136365413666 0.10389508306980133
0.013159634545445442 0.06924819201231003 0.18634472787380219 -0.13849720358848572 0.10542388260364532
0.02183091826736927 0.06925507634878159 0.14863352477550507 -0.13851068913936615 0.11018134653568268
0.008538169786334038 0.06926091015338898 0.0720643550157547 -0.13852214813232422 0.1153973788022995
0.01453598216176033 0.06926579773426056 0.18263563513755798 -0.13853180408477783 0.08861923217773438
0.00874117948114872 0.06926991045475006 0.131616473197937 -0.13853994011878967 0.12184657901525497
0.00698307529091835 0.06927337497472763 0.08166980743408203 -0.13854680955410004 0.1120336502790451
0.032960157841444016 0.06927633285522461 0.21609438955783844 -0.13855266571044922 0.09475168585777283
0.011353801935911179 0.06927889585494995 0.09188160300254822 -0.1385577768087387 0.11499763280153275
0.0073165446519851685 0.06928110867738724 0.13066545128822327 -0.1385621577501297 0.11642232537269592
0.0060448311269283295 0.06928304582834244 0.17081958055496216 -0.1385660320520401 0.10496114939451218
0.008642558008432388 0.06928475946187973 0.06750620901584625 -0.13856945931911469 0.10265165567398071
0.006951486691832542 0.0692862868309021 0.08250618726015091 -0.13857249915599823 0.10613059997558594
0.008906884118914604 0.06928765773773193 0.06895613670349121 -0.13857527077198029 0.12540246546268463
0.00793772004544735 0.06928888708353043 0.11348934471607208 -0.13857774436473846 0.10914219915866852
0.008298959583044052 0.06929000467061996 0.11464722454547882 -0.13857999444007874 0.13044077157974243
0.011836826801300049 0.06929103285074234 0.07949267327785492 -0.13858206570148468 0.10380065441131592
0.006282957270741463 0.06929198652505875 0.06619199365377426 -0.1385839730501175 0.08957920968532562
0.0077302418649196625 0.06929286569356918 0.1666627824306488 -0.13858576118946075 0.13126765191555023
0.017336295917630196 0.06929369270801544 0.08697959780693054 -0.13858740031719208 0.10749001801013947
0.01607383042573929 0.06929446011781693 0.08490371704101562 -0.13858895003795624 0.09691989421844482
0.0068132709711790085 0.06929518282413483 0.09536881744861603 -0.13859038054943085 0.09087355434894562
0.008640598505735397 0.06929585337638855 0.1277894377708435 -0.13859175145626068 0.11171156167984009
0.01793685555458069 0.06929650157690048 0.09687498211860657 -0.13859303295612335 0.0890759825706482
0.02202690578997135 0.06929710507392883 0.13355319201946259 -0.13859425485134125 0.10488471388816833
0.009024573490023613 0.0692976862192154 0.11760737746953964 -0.13859541714191437 0.12354778498411179
0.008003901690244675 0.06929823011159897 0.060627531260252 -0.1385965347290039 0.09679967164993286
0.025880808010697365 0.06929876655340195 0.13027769327163696 -0.13859759271144867 0.08983159065246582
0.010789260268211365 0.06929926574230194 0.122871994972229 -0.13859859108924866 0.12070675194263458
0.012532800436019897 0.06929975003004074 0.12574011087417603 -0.13859955966472626 0.11057779937982559
0.006166912615299225 0.06930021196603775 0.10759803652763367 -0.13860048353672028 0.10265415906906128
0.011807629838585854 0.06930066645145416 0.08953487873077393 -0.1386013776063919 0.0974951684474945
0.0037560611963272095 0.06930109113454819 0.1206485778093338 -0.13860224187374115 0.11022312939167023
0.006974121555685997 0.06930150836706161 0.09382789582014084 -0.138603076338768 0.09742075949907303
0.006629727780818939 0.06930191069841385 0.05095001682639122 -0.13860388100147247 0.11796040832996368
0.007658304646611214 0.06930229812860489 0.09732359647750854 -0.13860464096069336 0.10565116256475449
0.013529345393180847 0.06930267065763474 0.07035614550113678 -0.13860540091991425 0.09086930751800537
0.009418189525604248 0.06930303573608398 0.08496606349945068 -0.13860611617565155 0.09456084668636322
0.02396637201309204 0.06930338591337204 0.05418577045202255 -0.13860683143138885 0.1173979714512825
0.036957040429115295 0.0693037286400795 0.030620291829109192 -0.13860750198364258 0.11513030529022217
0.004533924162387848 0.06930406391620636 0.039676256477832794 -0.1386081725358963 0.10410758852958679
0.020139822736382484 0.06930438429117203 0.03882994502782822 -0.13860881328582764 0.11958736926317215
0.012259092181921005 0.0693047046661377 0.06699874252080917 -0.13860943913459778 0.11245445907115936
0.007370674982666969 0.06930500268936157 0.06145932897925377 -0.13861005008220673 0.1132727712392807
0.013305112719535828 0.06930530071258545 0.053291063755750656 -0.13861064612865448 0.10115671157836914
0.011478990316390991 0.06930559128522873 0.0846521258354187 -0.13861122727394104 0.10829517245292664
0.0045480988919734955 0.06930586695671082 0.05712775141000748 -0.1386117786169052 0.10308738052845001
0.010291688144207 0.0693061426281929 0.041966069489717484 -0.1386123150587082 0.10374725610017776
0.005899693816900253 0.0693064033985138 0.07346268743276596 -0.13861285150051117 0.09894825518131256
0.01218562014400959 0.06930666416883469 0.07176746428012848 -0.13861337304115295 0.1005939394235611
0.009267840534448624 0.06930691748857498 0.04689740017056465 -0.13861386477947235 0.09319736808538437
0.01699654757976532 0.06930716335773468 0.10234947502613068 -0.13861437141895294 0.11146635562181473
0.014737211167812347 0.06930740177631378 0.1377759873867035 -0.13861484825611115 0.11751041561365128
0.02809740975499153 0.06930764019489288 0.08874770253896713 -0.13861529529094696 0.13219855725765228
0.009763464331626892 0.0693078562617302 0.03547297790646553 -0.13861575722694397 0.0896773412823677
0.009154915809631348 0.0693080797791481 0.0365377813577652 -0.1386161893606186 0.1385117471218109
0.005949027836322784 0.06930829584598541 0.12436389178037643 -0.1386166214942932 0.13422441482543945
0.004433892667293549 0.06930849701166153 0.08697663992643356 -0.13861703872680664 0.13117820024490356
0.010713746771216393 0.06930869817733765 0.07930393517017365 -0.13861744105815887 0.12117041647434235
0.017135735601186752 0.06930889934301376 0.04727061837911606 -0.13861782848834991 0.10096872597932816
0.04100247472524643 0.06930909305810928 0.04787193238735199 -0.13861821591854095 0.11405719816684723
0.007725324481725693 0.0693092867732048 0.12352344393730164 -0.1386185884475708 0.12921437621116638
0.01266859658062458 0.06930946558713913 0.04506996273994446 -0.13861894607543945 0.08681720495223999
