2.3245928287506104 0.07146753370761871 6.937908172607422 0.1303582340478897 0.10505799949169159
1.6413686275482178 1.1904445500476868e-06 6.102550506591797 8.791248546913266e-07 0.12941277027130127
1.193299651145935 4.452102331242713e-08 5.430202484130859 1.541643541713711e-07 0.16479188203811646
0.8969298005104065 5.6609703591448124e-08 4.9837727546691895 1.6952638759448746e-07 0.2054387480020523
0.5732120275497437 8.54498466651421e-07 4.540650367736816 1.699365270724229e-06 0.24717499315738678
0.428949236869812 9.602867066860199e-06 4.201348781585693 2.213033258158248e-05 0.27810952067375183
0.33014774322509766 4.4861513742944226e-05 3.7855429649353027 0.0001055503380484879 0.2856552302837372
0.3098071813583374 8.809281280264258e-05 3.7461485862731934 0.0001578877418069169 0.30276191234588623
0.2562718689441681 0.00010768757056212053 3.607799768447876 0.00022461051412392408 0.2999410033226013
0.2651063799858093 0.00010315608233213425 3.5361692905426025 0.00024000588746275753 0.30772119760513306
0.19827929139137268 0.00010602809925330803 3.26509952545166 0.00023241681628860533 0.30119964480400085
0.1586448699235916 0.00010595461208140478 3.0595531463623047 0.00024793235934339464 0.3028826415538788
0.16207167506217957 0.00011599511344684288 2.9748167991638184 0.00027162261540070176 0.3089437484741211
0.1535230576992035 0.00015710505249444395 2.9912588596343994 0.0003402015718165785 0.30619990825653076
0.12255793064832687 0.00013016967568546534 2.6997857093811035 0.00030412484193220735 0.31062227487564087
0.16975753009319305 0.00014645190094597638 2.560262680053711 0.00031280654366128147 0.2969847321510315
0.08524951338768005 0.00015657322364859283 2.3794000148773193 0.00036107274354435503 0.30278444290161133
0.1187453493475914 0.0002131066139554605 2.4079039096832275 0.000418724404880777 0.2962573766708374
0.06750105321407318 0.0002221120521426201 2.3483529090881348 0.0004798372683580965 0.28649619221687317
0.06623467803001404 0.00017474564083386213 1.9653180837631226 0.0003827761975117028 0.28827160596847534
0.056450068950653076 0.00017953904171008617 1.8676921129226685 0.000424123922130093 0.2887483835220337
0.07458549737930298 0.00017282000044360757 2.0487449169158936 0.0004218693939037621 0.2859967350959778
0.06339962780475616 0.00021673420269507915 1.817168116569519 0.00047078728675842285 0.28776293992996216
0.059325750917196274 0.00018376708612777293 1.7312147617340088 0.0004352946416474879 0.28065750002861023
0.05799895524978638 0.0002955248055513948 1.6175336837768555 0.000672334514092654 0.2741093933582306
0.07186490297317505 0.00023766090453136712 1.7781769037246704 0.000578206148929894 0.2654117941856384
0.12382751703262329 0.00025151119916699827 1.6900882720947266 0.0005678269662894309 0.2607255280017853
0.09348199516534805 0.0002883322013076395 1.501297950744629 0.0006297355866990983 0.2623458206653595
0.03721459582448006 0.00026177335530519485 1.255731463432312 0.0006174747250042856 0.2504098415374756
0.05090942233800888 0.0002786843688227236 1.4343262910842896 0.0006482129101641476 0.24451526999473572
0.049897201359272 0.00025183448451571167 1.3786213397979736 0.0005749523988924921 0.2340223491191864
0.04483461752533913 0.00030459437402896583 1.2432563304901123 0.0008084006840363145 0.24627932906150818
0.03870970010757446 0.0003449592913966626 1.1989567279815674 0.0006525179487653077 0.2293878197669983
0.01540746446698904 0.0003302255063317716 1.129787802696228 0.0007461648783646524 0.22365280985832214
0.07894836366176605 0.00031756929820403457 1.1403754949569702 0.0007314191316254437 0.21580186486244202
0.029094291850924492 0.0003263690450694412 1.0677236318588257 0.0007995105697773397 0.22621114552021027
0.03527359291911125 0.00042012427002191544 1.0699516534805298 0.00092844053870067 0.21126869320869446
0.1237209141254425 0.00045365383266471326 1.150735855102539 0.000999324955046177 0.2004178762435913
0.06237947568297386 0.0004199129471089691 0.9171199798583984 0.0009214980527758598 0.19520136713981628
0.0573730431497097 0.00040776116657070816 0.9207479953765869 0.000976666109636426 0.21588990092277527
0.033478137105703354 0.0004696027026511729 0.9666802287101746 0.0009963728953152895 0.18387970328330994
0.03673902899026871 0.00046253655455075204 0.7816832065582275 0.0011720660841092467 0.1878814995288849
0.0321686789393425 0.0004894307348877192 0.7636863589286804 0.0009694081963971257 0.19674041867256165
0.030963217839598656 0.0004267865442670882 0.7754348516464233 0.0011211906094104052 0.19085514545440674
0.04041068255901337 0.0006224340759217739 0.69388747215271 0.0014730048133060336 0.17279842495918274
0.046355925500392914 0.0004893000586889684 0.7366898655891418 0.0010322657180950046 0.18780726194381714
0.11445029079914093 0.0005656730500049889 0.7189368605613708 0.0013004373759031296 0.16205379366874695
0.014593062922358513 0.0005162770394235849 0.7210317850112915 0.0011656874557957053 0.15043145418167114
0.019688352942466736 0.0006053645047359169 0.5969367623329163 0.0013578139478340745 0.16452154517173767
0.039196304976940155 0.0005162777379155159 0.7085695266723633 0.0012357457308098674 0.1594860553741455
0.008832992985844612 0.000646998465526849 0.4742613136768341 0.001594846136868 0.15567712485790253
0.023003824055194855 0.0007333758403547108 0.6417035460472107 0.0016594299813732505 0.17688687145709991
0.022017912939190865 0.000579896557610482 0.5203801989555359 0.0013609634479507804 0.1562180072069168
0.032488733530044556 0.0010380418971180916 0.5032808780670166 0.002265511779114604 0.15350951254367828
0.005752401426434517 0.0006695066695101559 0.4456477463245392 0.0015458277193829417 0.13564129173755646
0.010302398353815079 0.0009129922254942358 0.45952650904655457 0.0020216424018144608 0.14145642518997192
0.015375586226582527 0.0008224014309234917 0.5076298117637634 0.0019484128570184112 0.13817866146564484
0.022104840725660324 0.001154787722043693 0.451689213514328 0.0025736805982887745 0.1294720619916916
0.020296147093176842 0.0009574153809808195 0.5482897162437439 0.002113636350259185 0.13624748587608337
0.017093798145651817 0.0013141226954758167 0.553602933883667 0.003039578441530466 0.12491478025913239
0.03185449540615082 0.001038764021359384 0.49427977204322815 0.0024252121802419424 0.12752161920070648
0.02454165741801262 0.0008758686599321663 0.4644162952899933 0.0020493895281106234 0.12600091099739075
0.017613288015127182 0.0015783647540956736 0.3919505178928375 0.00362194306217134 0.147871196269989
0.02562861330807209 0.001101843430660665 0.36094236373901367 0.0023803915828466415 0.13191433250904083
0.016521841287612915 0.001029029837809503 0.4105759561061859 0.0024262729566544294 0.12016446888446808
0.013851730152964592 0.00152204732876271 0.3179973065853119 0.003280265722423792 0.13279220461845398
0.06154395267367363 0.001044470351189375 0.3346138894557953 0.0023698012810200453 0.13271871209144592
0.028391337022185326 0.001502197585068643 0.39011698961257935 0.0035155899822711945 0.12030572444200516
0.009433181956410408 0.0019815440755337477 0.3629157841205597 0.0041800313629209995 0.11792874336242676
0.019048547372221947 0.0010723271407186985 0.42893779277801514 0.0025721173733472824 0.11444003880023956
0.02483855001628399 0.0021399990655481815 0.4228977560997009 0.004746077582240105 0.12653255462646484
0.015594081953167915 0.0018314762273803353 0.31194594502449036 0.003965428099036217 0.11875928193330765
0.009881941601634026 0.003166329115629196 0.3490216135978699 0.007440571673214436 0.10441725701093674
0.04496467113494873 0.0020438041538000107 0.3850192725658417 0.004412070848047733 0.09726887941360474
0.01536591351032257 0.002001754008233547 0.29164329171180725 0.004567527212202549 0.11406385898590088
0.015385262668132782 0.001952064223587513 0.24345429241657257 0.004339904990047216 0.12161099910736084
0.007873773574829102 0.002195743378251791 0.2944931983947754 0.004689175635576248 0.1161579042673111
0.020715614780783653 0.001962017733603716 0.2887023091316223 0.004058411810547113 0.11864183843135834
0.05991612374782562 0.001450063195079565 0.35704755783081055 0.0031787261832505465 0.09517143666744232
0.03632429987192154 0.0024396711960434914 0.330733984708786 0.005547625012695789 0.1109151542186737
0.0050203837454319 0.0030072364024817944 0.26669833064079285 0.006281373091042042 0.1117689236998558
0.00498703308403492 0.003041880903765559 0.21024365723133087 0.006463140249252319 0.11165520548820496
0.03769572079181671 0.0019875941798090935 0.32782435417175293 0.0040626018308103085 0.10841104388237
0.002585049718618393 0.0023993845097720623 0.1971149891614914 0.00515767140313983 0.09607011824846268
0.010685086250305176 0.0024426188319921494 0.22720350325107574 0.0053447820246219635 0.11734428256750107
0.00462997704744339 0.0027305118273943663 0.35561713576316833 0.005919193383306265 0.10076595842838287
0.0057496968656778336 0.002792342333123088 0.23541279137134552 0.005931800231337547 0.10385620594024658
0.009486619383096695 0.003657066961750388 0.1801271289587021 0.007993287406861782 0.1072426289319992
0.03984212875366211 0.0056794569827616215 0.23900480568408966 0.012399385683238506 0.1069740355014801
0.008279141038656235 0.004555344115942717 0.32358449697494507 0.009493072517216206 0.09822320938110352
0.03726617991924286 0.004493526183068752 0.22915394604206085 0.00871002022176981 0.10702157020568848
0.010119462385773659 0.0019291344797238708 0.17278045415878296 0.004380406346172094 0.10698683559894562
0.050940316170454025 0.004421608988195658 0.2692968249320984 0.009927933104336262 0.11222244799137115
0.025894438847899437 0.00605236878618598 0.2021435797214508 0.012057522311806679 0.10956539958715439
0.007982238195836544 0.0030308160930871964 0.2166213095188141 0.006391417235136032 0.10889846831560135
0.027420587837696075 0.004051308613270521 0.18998770415782928 0.00878953468054533 0.1144380122423172
0.008805178105831146 0.006528742611408234 0.17626692354679108 0.013823779299855232 0.08868217468261719
0.009379866532981396 0.006711054593324661 0.15714280307292938 0.013876819983124733 0.10492591559886932
0.03552716225385666 0.0036603843327611685 0.20991379022598267 0.0074198441579937935 0.09814649075269699
0.03646325692534447 0.0031559185590595007 0.2049483358860016 0.0064408862963318825 0.09667002409696579
0.006534140557050705 0.004122926853597164 0.1779802292585373 0.009234040975570679 0.08081106841564178
0.012779368087649345 0.004822417628020048 0.19485169649124146 0.009916599839925766 0.09684622287750244
0.02178335003554821 0.005043108016252518 0.15843769907951355 0.010674393735826015 0.0946664810180664
0.037004027515649796 0.00665756780654192 0.1807859092950821 0.014168587513267994 0.08323970437049866
0.008964112028479576 0.0066996687091887 0.13688689470291138 0.014104909263551235 0.09134677052497864
0.012738965451717377 0.00434411084279418 0.17132249474525452 0.009294204413890839 0.10786326229572296
0.020140204578638077 0.006088047754019499 0.22402364015579224 0.012182681821286678 0.10107234120368958
0.005346287041902542 0.005653535481542349 0.13150382041931152 0.012224731966853142 0.09261099994182587
0.009063243865966797 0.005910386797040701 0.19461356103420258 0.011652025394141674 0.09586063027381897
0.010220598429441452 0.003787847701460123 0.15076778829097748 0.0076992325484752655 0.08925729990005493
0.012382423505187035 0.005025049205869436 0.1378154307603836 0.010845248587429523 0.09531925618648529
0.018911993131041527 0.006600400898605585 0.1899670660495758 0.01353776641190052 0.10014656186103821
0.009358108043670654 0.006883937865495682 0.1353236883878708 0.014320853166282177 0.09935984015464783
0.03689686581492424 0.007240226957947016 0.19430480897426605 0.0156615749001503 0.1037425696849823
0.01695007085800171 0.013812065124511719 0.17050643265247345 0.029209448024630547 0.09307394921779633
0.00610075518488884 0.018765708431601524 0.15364328026771545 0.038412906229496 0.08300041407346725
0.034958530217409134 0.015579814091324806 0.13180279731750488 0.031098002567887306 0.09064672887325287
0.010699315927922726 0.004387355875223875 0.11806647479534149 0.008238120004534721 0.0938260555267334
0.005481576547026634 0.003210907569155097 0.15591895580291748 0.006869680713862181 0.07924649119377136
0.020765146240592003 0.007267762906849384 0.12835796177387238 0.015736550092697144 0.11204706132411957
0.015364013612270355 0.009364594705402851 0.16333258152008057 0.01907530426979065 0.0824209600687027
0.01464687380939722 0.0117335245013237 0.16089843213558197 0.024636318907141685 0.11238399147987366
0.0061232950538396835 0.008950144052505493 0.15149307250976562 0.01788085512816906 0.10954265296459198
0.011076975613832474 0.0055736275389790535 0.18748566508293152 0.01120015699416399 0.08655226230621338
0.0065411292016506195 0.005472969263792038 0.1132330447435379 0.011462804861366749 0.09777060896158218
0.004797391593456268 0.0061441524885594845 0.13363826274871826 0.012783638201653957 0.10219664871692657
0.004712343215942383 0.0047339568845927715 0.07759102433919907 0.00974022876471281 0.12056558579206467
0.005480729043483734 0.005728867836296558 0.13029810786247253 0.01243338268250227 0.0685768723487854
0.02223644033074379 0.008789805695414543 0.14166605472564697 0.018323836848139763 0.10052720457315445
0.030221374705433846 0.010192072950303555 0.10457853972911835 0.021227210760116577 0.10515594482421875
0.0039229560643434525 0.011238835752010345 0.14141276478767395 0.02329295687377453 0.10674947500228882
0.011382866650819778 0.011648623272776604 0.12760499119758606 0.023956455290317535 0.10633134841918945
0.004214700311422348 0.008658966049551964 0.14347830414772034 0.017878320068120956 0.10110229253768921
0.0194085706025362 0.008115328848361969 0.06780648231506348 0.01655750907957554 0.10125797986984253
0.007162079215049744 0.0070249843411147594 0.1028079092502594 0.01462875958532095 0.08099515736103058
0.007929475978016853 0.00851143803447485 0.11532197892665863 0.018087312579154968 0.0920688807964325
0.007833609357476234 0.013646671548485756 0.08460608869791031 0.02838660217821598 0.10164763033390045
0.024994246661663055 0.011910832487046719 0.15056103467941284 0.02490518055856228 0.11062456667423248
0.007977508008480072 0.01502127107232809 0.10588067770004272 0.031426042318344116 0.10005752742290497
0.03387487679719925 0.020620010793209076 0.06972695887088776 0.042570557445287704 0.09485648572444916
0.006040584295988083 0.027902109548449516 0.10264378786087036 0.05788157135248184 0.09888239949941635
0.011778460815548897 0.036650463938713074 0.21326589584350586 0.07521185278892517 0.08871635794639587
0.00639018788933754 0.04761683568358421 0.07153591513633728 0.0973193496465683 0.10441829264163971
0.008394189178943634 0.058180034160614014 0.1448318362236023 0.11843390762805939 0.09761933237314224
0.021172979846596718 0.0685882493853569 0.07748837769031525 0.13754740357398987 0.0975210964679718
0.015475621446967125 0.0690038725733757 0.13953594863414764 0.13800525665283203 0.10920342803001404
0.02394997328519821 0.06884177029132843 0.08272324502468109 0.13774096965789795 0.10541278123855591
0.021102972328662872 0.06896964460611343 0.13730454444885254 0.13795287907123566 0.09774184226989746
0.010677414014935493 0.06898610293865204 0.07258222997188568 0.13799409568309784 0.10175319015979767
0.011035270988941193 0.06901237368583679 0.08304010331630707 0.1380348652601242 0.10307127237319946
0.005865344777703285 0.06902369111776352 0.06045794486999512 0.13805387914180756 0.10121689736843109
0.008113620802760124 0.06903979927301407 0.09948824346065521 0.13808578252792358 0.07282419502735138
0.0580282025039196 0.06903735548257828 0.1162678673863411 0.1380811333656311 0.09339714050292969
0.01596558466553688 0.06903425604104996 0.10485294461250305 0.13807080686092377 0.082665354013443
0.011958852410316467 0.06903011351823807 0.07603730261325836 0.13806620240211487 0.07680103927850723
0.01007615216076374 0.0690271183848381 0.09709380567073822 0.1380583494901657 0.07340499758720398
0.003335876390337944 0.06901942938566208 0.04986482858657837 0.13804562389850616 0.10092675685882568
0.0056429412215948105 0.06902287155389786 0.07308463752269745 0.1380486786365509 0.10252790153026581
0.007454879581928253 0.06901612132787704 0.1458110213279724 0.13803519308567047 0.098220095038414
0.010859739035367966 0.06901504844427109 0.08894899487495422 0.13803315162658691 0.08408476412296295
0.00971494521945715 0.06902185082435608 0.13409632444381714 0.13804680109024048 0.09311738610267639
0.02767278626561165 0.0690346285700798 0.11015628278255463 0.13807205855846405 0.07986336201429367
0.009368300437927246 0.06904952973127365 0.06105375662446022 0.13810160756111145 0.10087697952985764
0.017050031572580338 0.0690656527876854 0.05037320777773857 0.138133242726326 0.10500866174697876
0.011180019937455654 0.06908144056797028 0.022333472967147827 0.1381644457578659 0.0856829583644867
0.005634739995002747 0.06909602880477905 0.08805593848228455 0.13819323480129242 0.07027290761470795
0.009936900809407234 0.06910928338766098 0.13009969890117645 0.13821937143802643 0.10435712337493896
0.013624142855405807 0.06912128627300262 0.07699504494667053 0.13824310898780823 0.07139646261930466
0.009646937251091003 0.0691320076584816 0.0858394205570221 0.13826429843902588 0.09429511427879333
0.030405396595597267 0.06914155185222626 0.12178376317024231 0.13828323781490326 0.08040355145931244
0.008171303197741508 0.06915006786584854 0.08427096903324127 0.13830013573169708 0.08416018635034561
0.015521325170993805 0.069157674908638 0.11868637800216675 0.13831524550914764 0.082887664437294
0.01228836365044117 0.06916450709104538 0.11888082325458527 0.13832886517047882 0.08584780991077423
0.0038604289293289185 0.06917063891887665 0.04207073152065277 0.13834106922149658 0.100019171833992
0.027590442448854446 0.06917621195316315 0.07411997765302658 0.1383522003889084 0.09897704422473907
0.009683150798082352 0.06918131560087204 0.0655156672000885 0.13836239278316498 0.0792306661605835
0.016211403533816338 0.0691860020160675 0.10507552325725555 0.1383717954158783 0.09894309937953949
0.01690131612122059 0.06919034570455551 0.053892966359853745 0.1383805125951767 0.08845804631710052
0.003809642046689987 0.06919439136981964 0.07533936202526093 0.13838861882686615 0.0851951539516449
0.0045796968042850494 0.06919818371534348 0.023835260421037674 0.13839618861675262 0.0932072177529335
0.024629151448607445 0.06920173019170761 0.04685192555189133 0.13840332627296448 0.07457093149423599
0.021494466811418533 0.06920508295297623 0.046503644436597824 0.1384100615978241 0.07807500660419464
0.013334590941667557 0.06920825690031052 0.04795241728425026 0.13841643929481506 0.08256899565458298
0.008283795788884163 0.06921128183603287 0.05368589237332344 0.13842250406742096 0.09558656066656113
0.009305955842137337 0.06921416521072388 0.07311287522315979 0.13842830061912537 0.08858374506235123
0.008008550852537155 0.06921692192554474 0.05487172678112984 0.13843384385108948 0.12007167935371399
0.011869410052895546 0.06921956688165665 0.14555075764656067 0.13843916356563568 0.08571752905845642
0.009171081706881523 0.0692221149802208 0.030678223818540573 0.13844425976276398 0.0896662250161171
0.006411077454686165 0.06922457367181778 0.03803057596087456 0.13844919204711914 0.07935342192649841
0.002635747194290161 0.0692269429564476 0.051997747272253036 0.13845394551753998 0.08246784657239914
0.03836430609226227 0.06922923028469086 0.12513014674186707 0.13845853507518768 0.11000461876392365
0.007222391664981842 0.06923145055770874 0.09638048708438873 0.13846300542354584 0.08102703094482422
0.012811804190278053 0.06923361122608185 0.06684499979019165 0.13846734166145325 0.10395395755767822
0.022622426971793175 0.06923570483922958 0.06669846177101135 0.13847152888774872 0.08779273927211761
0.007849892601370811 0.06923773139715195 0.053036078810691833 0.13847561180591583 0.10042265057563782
0.005173355340957642 0.06923972815275192 0.07105956971645355 0.1384795904159546 0.10001544654369354
0.004781123250722885 0.06924165785312653 0.020072590559720993 0.1384834498167038 0.0924072191119194
0.007976798340678215 0.06924354285001755 0.03530960902571678 0.13848724961280823 0.09323684871196747
0.012634171172976494 0.06924537569284439 0.03317182511091232 0.13849091529846191 0.0758051797747612
0.008238432928919792 0.06924717873334885 0.06691192835569382 0.13849452137947083 0.08635115623474121
0.006225729361176491 0.06924892961978912 -0.0030903220176696777 0.13849802315235138 0.11354558914899826
0.021456226706504822 0.06925063580274582 0.09259967505931854 0.13850143551826477 0.10735122859477997
0.013747815042734146 0.06925231218338013 0.08378729224205017 0.1385047882795334 0.10028383135795593
0.037426188588142395 0.06925393640995026 0.10642952471971512 0.13850806653499603 0.07880610972642899
0.017948923632502556 0.069255530834198 0.19858236610889435 0.13851122558116913 0.10111387073993683
0.013053767383098602 0.06925709545612335 0.051823537796735764 0.13851435482501984 0.10058200359344482
0.0020305439829826355 0.06925862282514572 0.08341285586357117 0.13851740956306458 0.08817584812641144
0.010344259440898895 0.0692601129412651 0.04203345254063606 0.13852038979530334 0.0963602215051651
0.008726868778467178 0.0692615658044815 0.03697257116436958 0.13852329552173615 0.10958737134933472
0.026074590161442757 0.06926298886537552 0.030089613050222397 0.13852612674236298 0.08228708803653717
0.010887036100029945 0.06926437467336655 0.023578736931085587 0.13852892816066742 0.10666468739509583
0.011601299047470093 0.06926574558019638 0.044169921427965164 0.1385316699743271 0.10314986109733582
0.016199704259634018 0.06926707923412323 0.06711183488368988 0.1385343074798584 0.09833848476409912
0.0031401291489601135 0.06926838308572769 0.021238703280687332 0.13853693008422852 0.12097519636154175
0.006551578640937805 0.06926964968442917 0.05775286629796028 0.13853947818279266 0.09703955054283142
0.0054975226521492004 0.06927090138196945 0.11934307217597961 0.13854196667671204 0.10747498273849487
0.013599617406725883 0.06927212327718735 0.08379088342189789 0.13854439556598663 0.10541420429944992
0.005706787109375 0.06927331537008286 0.06577655673027039 0.13854677975177765 0.0965762585401535
0.004990056157112122 0.06927447766065598 0.08464460074901581 0.13854911923408508 0.08853384852409363
0.009978283196687698 0.0692756175994873 0.07602179795503616 0.13855138421058655 0.0915488749742508
0.004519704729318619 0.06927672773599625 0.030379541218280792 0.13855360448360443 0.10952907055616379
0.006881115958094597 0.0692778155207634 0.019445057958364487 0.13855578005313873 0.08564523607492447
0.014922939240932465 0.06927888840436935 0.02783677726984024 0.13855791091918945 0.12248843163251877
0.005089547485113144 0.06927992403507233 0.029599618166685104 0.1385599821805954 0.08472765237092972
0.01962924562394619 0.06928093731403351 0.044172223657369614 0.13856200873851776 0.09109197556972504
0.014323703944683075 0.0692819282412529 0.08518649637699127 0.13856399059295654 0.10671135783195496
0.00644196942448616 0.0692829042673111 0.016766656190156937 0.13856592774391174 0.11175049841403961
0.003771372139453888 0.06928384304046631 0.03643049672245979 0.13856782019138336 0.10062915086746216
0.020830117166042328 0.06928477436304092 0.08111771941184998 0.1385696679353714 0.09359265863895416
0.008459273725748062 0.06928566843271255 0.040451712906360626 0.13857148587703705 0.09636315703392029
0.021565010771155357 0.06928654760122299 0.07098789513111115 0.13857321441173553 0.11904995143413544
0.015759238973259926 0.06928741186857224 0.02324030175805092 0.13857494294643402 0.09579400718212128
0.03515169024467468 0.06928825378417969 0.04825839027762413 0.13857661187648773 0.10899246484041214
0.0034913159906864166 0.06928906589746475 0.03366344794631004 0.13857825100421906 0.09936313331127167
0.011445282027125359 0.06928986310958862 0.06792603433132172 0.1385798454284668 0.10534240305423737
0.02222246304154396 0.0692906528711319 0.08243067562580109 0.13858139514923096 0.10863319039344788
0.011216936632990837 0.06929140537977219 0.04025724157691002 0.13858292996883392 0.08477936685085297
0.009621409699320793 0.06929214298725128 0.004076778888702393 0.13858440518379211 0.11411970853805542
0.009017400443553925 0.06929286569356918 0.03507699817419052 0.13858583569526672 0.10421954095363617
0.004055481404066086 0.06929357349872589 0.09669586271047592 0.13858723640441895 0.12381475418806076
0.0038300231099128723 0.06929425150156021 0.07099854201078415 0.13858859241008759 0.088478222489357
0.007981257513165474 0.06929492205381393 0.04923303797841072 0.13858993351459503 0.1098853051662445
0.005035685375332832 0.06929557770490646 0.04109586030244827 0.1385912448167801 0.09573197364807129
0.004745135083794594 0.0692962035536766 0.006960146129131317 0.13859251141548157 0.09293821454048157
0.004825141280889511 0.06929682940244675 0.05650221183896065 0.13859371840953827 0.09343734383583069
0.017336465418338776 0.0692974254488945 0.11039639264345169 0.13859494030475616 0.10989615321159363
0.00651065818965435 0.06929800659418106 0.0520484521985054 0.1385960876941681 0.08054611086845398
0.011193335056304932 0.06929858028888702 0.01097557321190834 0.13859723508358002 0.0873318761587143
0.025549855083227158 0.0692991241812706 0.035488251596689224 0.13859832286834717 0.10113631188869476
0.03618256747722626 0.06929966062307358 0.07203331589698792 0.13859939575195312 0.07554584741592407
