2.237874984741211 0.07132071256637573 6.8998188972473145 -0.1332632601261139 0.10553412139415741
1.5770002603530884 8.842981742418488e-07 5.871952533721924 -1.7562390439707087e-06 0.12385952472686768
1.1963326930999756 3.167103912460334e-08 5.332597255706787 -8.000748863423723e-08 0.16260097920894623
0.8473117351531982 4.746142110434448e-07 4.934311866760254 -1.1719799886122928e-06 0.20233559608459473
0.5790618658065796 9.236044206772931e-06 4.2306437492370605 -2.0656729248003103e-05 0.23663994669914246
0.36529162526130676 6.660913641098887e-05 3.9703989028930664 -0.00018182552594225854 0.260979562997818
0.35613584518432617 0.00012603325012605637 3.7669076919555664 -0.00027365260757505894 0.27470922470092773
0.34602299332618713 0.000101777448435314 3.5837883949279785 -0.00022643567353952676 0.28420042991638184
0.21924614906311035 0.0001047267796820961 3.4345312118530273 -0.00021818139066454023 0.28604403138160706
0.25955915451049805 0.0001239204138983041 3.2387027740478516 -0.0002595244732219726 0.29010194540023804
0.14469052851200104 0.00017516336811240762 3.165020704269409 -0.0003479288425296545 0.2928864359855652
0.15315020084381104 0.00014706204819958657 3.1232707500457764 -0.00029270860250107944 0.28899556398391724
0.18647418916225433 0.000173999069374986 2.7536609172821045 -0.0003686214331537485 0.28844088315963745
0.09244537353515625 0.00023000047076493502 2.550516128540039 -0.0004617080558091402 0.2928059697151184
0.07996641099452972 0.00024757441133260727 2.5899977684020996 -0.0004993496695533395 0.2938140034675598
0.10629288107156754 0.00023157952819019556 2.513468027114868 -0.0004906832473352551 0.2835792303085327
0.07882741838693619 0.0002812363381963223 2.337924003601074 -0.0005500320694409311 0.2854287326335907
0.07670671492815018 0.00034997667535208166 2.1544888019561768 -0.0006739830714650452 0.27999353408813477
0.04505226016044617 0.0003942044568248093 2.1331818103790283 -0.0007820343598723412 0.2756328582763672
0.10953136533498764 0.000534451799467206 1.9590892791748047 -0.0010364738991484046 0.27451232075691223
0.09618052840232849 0.0004578333464451134 1.9532662630081177 -0.0008745400118641555 0.26718562841415405
0.08840928226709366 0.0005234512500464916 1.9024417400360107 -0.0010004703653976321 0.2637849450111389
0.07775077223777771 0.0007051964057609439 1.7516664266586304 -0.0013350725639611483 0.2584814429283142
0.11067486554384232 0.0007136632921174169 1.8032279014587402 -0.0014303980860859156 0.23978522419929504
0.028102509677410126 0.0008342447690665722 1.6456480026245117 -0.001685712137259543 0.2470303475856781
0.06641118973493576 0.0009508060174994171 1.6302685737609863 -0.0019563594833016396 0.23753011226654053
0.08109068870544434 0.000893023272510618 1.4716835021972656 -0.0018651848658919334 0.22692656517028809
0.02746121771633625 0.0011172412196174264 1.4028048515319824 -0.002333028707653284 0.23099064826965332
0.047824420034885406 0.0011283260537311435 1.3122986555099487 -0.0023948552552610636 0.22393201291561127
0.07241152226924896 0.0011812073644250631 1.2813951969146729 -0.0023890172597020864 0.19912885129451752
0.049205273389816284 0.0012324018171057105 1.287105679512024 -0.002593334298580885 0.21126389503479004
0.044748835265636444 0.0015367548912763596 1.0949162244796753 -0.0031048550736159086 0.21602031588554382
0.026420680806040764 0.0018216094467788935 1.0251144170761108 -0.004054003395140171 0.2035236954689026
0.03137713670730591 0.0028197276405990124 0.9319739937782288 -0.0055634076707065105 0.1937025785446167
0.033510636538267136 0.0019278888357803226 0.9647146463394165 -0.003973113838583231 0.18181264400482178
0.043847113847732544 0.002120108110830188 0.981709897518158 -0.004617304541170597 0.1864388883113861
0.022240474820137024 0.0028096442110836506 0.8247517347335815 -0.005856501869857311 0.1785922646522522
0.01728512905538082 0.002995281247422099 0.8222837448120117 -0.006413639988750219 0.1723216325044632
0.018698088824748993 0.004130485467612743 0.8309686183929443 -0.008171916007995605 0.16397906839847565
0.02539367415010929 0.0035903349053114653 0.734484076499939 -0.00763897318392992 0.1639932245016098
0.023981845006346703 0.004713163711130619 0.7305833697319031 -0.010154485702514648 0.17198866605758667
0.03301999717950821 0.007745327893644571 0.7430321574211121 -0.015650399029254913 0.15645155310630798
0.018170878291130066 0.008631612174212933 0.7758005857467651 -0.017712457105517387 0.14959177374839783
0.05022476986050606 0.006585713010281324 0.818935751914978 -0.013536951504647732 0.15349510312080383
0.035095732659101486 0.005984888412058353 0.7405691146850586 -0.012488288804888725 0.14093109965324402
0.012116387486457825 0.007390984799712896 0.6471111178398132 -0.01513882726430893 0.13954377174377441
0.021096503362059593 0.007404129486531019 0.5924344062805176 -0.015396934933960438 0.1369946300983429
0.00938548892736435 0.008516121655702591 0.5459375977516174 -0.01810559630393982 0.12357165664434433
0.01652020588517189 0.015048031695187092 0.6148859858512878 -0.03110109083354473 0.1247425377368927
0.07482704520225525 0.0177623238414526 0.6296654343605042 -0.03643343970179558 0.12728126347064972
0.012065388262271881 0.023104263469576836 0.4669225811958313 -0.04786527901887894 0.12941186130046844
0.019822467118501663 0.0343225859105587 0.655210018157959 -0.07008681446313858 0.12677784264087677
0.01388927549123764 0.04479105770587921 0.5714412331581116 -0.09084195643663406 0.10552491992712021
0.015183541923761368 0.05505027994513512 0.4811888635158539 -0.11167793720960617 0.1203700378537178
0.008867599070072174 0.0680612102150917 0.46952739357948303 -0.13703328371047974 0.11403505504131317
0.024257421493530273 0.06931647658348083 0.45610007643699646 -0.13862966001033783 0.11381630599498749
0.05260533094406128 0.06927289068698883 0.5872547030448914 -0.1385231614112854 0.1121048629283905
0.01622958853840828 0.06926436722278595 0.5822839140892029 -0.13852348923683167 0.1177203506231308
0.04669783264398575 0.06925812363624573 0.44588908553123474 -0.1385139375925064 0.11137764155864716
0.008936779573559761 0.06926955282688141 0.424814373254776 -0.1385384052991867 0.10937150567770004
0.029850278049707413 0.06926459074020386 0.40294182300567627 -0.13852636516094208 0.10832764208316803
0.007197333499789238 0.06925009936094284 0.3352343738079071 -0.13849686086177826 0.09980843961238861
0.0242732223123312 0.06923988461494446 0.5030085444450378 -0.1384754627943039 0.09511253237724304
0.02258789911866188 0.06922725588083267 0.43362709879875183 -0.13844697177410126 0.09882888197898865
0.013983994722366333 0.06921180337667465 0.40839657187461853 -0.13841715455055237 0.08499354124069214
0.01869335025548935 0.06920045614242554 0.3985820710659027 -0.13839566707611084 0.09062014520168304
0.040578510612249374 0.06919606029987335 0.40561550855636597 -0.13838815689086914 0.09710680693387985
0.03333856910467148 0.06919948756694794 0.37256595492362976 -0.1383964866399765 0.08543773740530014
0.025558268651366234 0.06920784711837769 0.44539743661880493 -0.13841472566127777 0.08539128303527832
0.007756184786558151 0.06921958178281784 0.26771265268325806 -0.13843883574008942 0.07873737812042236
0.011400746181607246 0.06923186779022217 0.28436827659606934 -0.13846378028392792 0.08738463371992111
0.020078198984265327 0.06924319267272949 0.45097941160202026 -0.1384865790605545 0.07796225696802139
0.012287911027669907 0.06925325840711594 0.35497400164604187 -0.13850677013397217 0.06946621835231781
0.007888486608862877 0.06926193088293076 0.40227392315864563 -0.1385241597890854 0.07281527668237686
0.014730008319020271 0.06926938146352768 0.3492012321949005 -0.13853910565376282 0.07549187541007996
0.007074004039168358 0.06927574425935745 0.29076457023620605 -0.13855180144309998 0.07174128293991089
0.008087914437055588 0.06928113847970963 0.32146087288856506 -0.13856258988380432 0.07871176302433014
0.015441549941897392 0.06928568333387375 0.3388838469982147 -0.13857164978981018 0.06739261746406555
0.015751179307699203 0.06928946822881699 0.21488749980926514 -0.13857921957969666 0.06937810778617859
0.013223232701420784 0.06929265707731247 0.3137229084968567 -0.13858555257320404 0.06239452213048935
0.01874254085123539 0.06929528713226318 0.2901313006877899 -0.13859081268310547 0.07065930962562561
0.03083171509206295 0.06929752230644226 0.2692897617816925 -0.13859525322914124 0.07276295125484467
0.011632860638201237 0.06929939985275269 0.36208629608154297 -0.1385989934206009 0.06921201199293137
0.008855573832988739 0.06930100172758102 0.23687435686588287 -0.13860219717025757 0.0698142945766449
0.029069535434246063 0.06930238008499146 0.23168987035751343 -0.13860492408275604 0.06168753653764725
0.006810981780290604 0.06930356472730637 0.278952032327652 -0.13860726356506348 0.06545177102088928
0.014825507998466492 0.06930457800626755 0.18605563044548035 -0.13860929012298584 0.07045014947652817
0.006725439801812172 0.06930545717477798 0.2239532768726349 -0.1386110484600067 0.06090462580323219
0.007387220859527588 0.06930623203516006 0.25519445538520813 -0.1386125683784485 0.050623998045921326
0.015015160664916039 0.06930691003799438 0.29406389594078064 -0.13861392438411713 0.05295063555240631
0.03027750924229622 0.06930749863386154 0.2117340862751007 -0.13861510157585144 0.059702299535274506
0.03962045535445213 0.06930803507566452 0.2567497491836548 -0.138616144657135 0.053048837929964066
0.017994973808526993 0.06930850446224213 0.20943544805049896 -0.13861708343029022 0.0631483644247055
0.0068890806287527084 0.06930892169475555 0.24477848410606384 -0.13861791789531708 0.050220269709825516
0.016065513715147972 0.0693092942237854 0.2243829071521759 -0.13861864805221558 0.060435205698013306
0.005608513951301575 0.06930962949991226 0.19904661178588867 -0.1386193186044693 0.05549870803952217
0.019292740151286125 0.06930993497371674 0.2051907479763031 -0.13861992955207825 0.048582397401332855
0.007918689399957657 0.06931021064519882 0.19317978620529175 -0.13862048089504242 0.0547054260969162
0.022845573723316193 0.06931046396493912 0.17429395020008087 -0.13862097263336182 0.04691639915108681
0.007355464622378349 0.06931068748235703 0.1878146231174469 -0.13862143456935883 0.048477478325366974
0.021270228549838066 0.06931089609861374 0.15088309347629547 -0.13862183690071106 0.04220300167798996
0.015181727707386017 0.06931108981370926 0.24397432804107666 -0.1386222094297409 0.050177864730358124
0.009631145745515823 0.06931126117706299 0.221308633685112 -0.13862256705760956 0.05826728790998459
0.007532225921750069 0.06931143254041672 0.25513356924057007 -0.13862289488315582 0.04911808669567108
0.02047800086438656 0.06931158155202866 0.19726790487766266 -0.1386231929063797 0.049173638224601746
0.012583602219820023 0.0693117156624794 0.16936269402503967 -0.1386234611272812 0.049744538962841034
0.011215906590223312 0.06931184977293015 0.19224685430526733 -0.13862372934818268 0.05187685787677765
0.014217358082532883 0.0693119689822197 0.21400566399097443 -0.13862398266792297 0.04491802304983139
0.0070342011749744415 0.06931208819150925 0.223417267203331 -0.1386241912841797 0.04499805346131325
0.009751358069479465 0.0693121999502182 0.21288885176181793 -0.1386244148015976 0.04379049316048622
0.024487964808940887 0.06931229680776596 0.22385095059871674 -0.13862460851669312 0.046985920518636703
0.010870318859815598 0.06931239366531372 0.16063694655895233 -0.13862480223178864 0.043827880173921585
0.006995707750320435 0.06931247562170029 0.21596641838550568 -0.13862498104572296 0.043009087443351746
0.006188645958900452 0.06931256502866745 0.16091600060462952 -0.1386251449584961 0.036691874265670776
0.046916112303733826 0.06931264698505402 0.16801027953624725 -0.13862530887126923 0.046895794570446014
0.03458568826317787 0.06931272894144058 0.22862699627876282 -0.13862545788288116 0.051872365176677704
0.012402782216668129 0.06931280344724655 0.14848671853542328 -0.1386256068944931 0.04105298966169357
0.018662309274077415 0.06931287050247192 0.15109899640083313 -0.13862574100494385 0.04002682864665985
0.004957275465130806 0.0693129375576973 0.16389550268650055 -0.1386258900165558 0.042380135506391525
0.007009442895650864 0.06931300461292267 0.17133000493049622 -0.13862600922584534 0.04809512570500374
0.020824067294597626 0.06931306421756744 0.13505475223064423 -0.13862614333629608 0.04167286306619644
0.004160214215517044 0.06931312382221222 0.14648883044719696 -0.13862624764442444 0.04373258352279663
0.021164216101169586 0.069313183426857 0.13588201999664307 -0.138626366853714 0.03738710284233093
0.006660126149654388 0.06931322813034058 0.10242559760808945 -0.13862648606300354 0.03746790066361427
0.012945287860929966 0.06931328028440475 0.17398576438426971 -0.1386265754699707 0.04040588065981865
0.010910602286458015 0.06931333988904953 0.12897183001041412 -0.13862667977809906 0.04055432975292206
0.01058892346918583 0.06931338459253311 0.10784835368394852 -0.13862676918506622 0.039361581206321716
0.011808095499873161 0.0693134292960167 0.15005168318748474 -0.1386268585920334 0.03408849984407425
0.023869074881076813 0.06931347399950027 0.17886650562286377 -0.13862696290016174 0.032875772565603256
0.007413487881422043 0.06931351870298386 0.19910281896591187 -0.1386270374059677 0.03709462285041809
0.00565963052213192 0.06931356340646744 0.1569610983133316 -0.13862712681293488 0.027440274134278297
0.019944436848163605 0.06931360065937042 0.140162855386734 -0.13862720131874084 0.03326207771897316
0.017917681485414505 0.06931363791227341 0.12312649190425873 -0.13862727582454681 0.028492502868175507
0.008602909743785858 0.0693136677145958 0.18075963854789734 -0.13862736523151398 0.04294928163290024
0.007686687633395195 0.06931370496749878 0.14799903333187103 -0.13862743973731995 0.02936694025993347
0.01297745481133461 0.06931374222040176 0.09895157814025879 -0.13862751424312592 0.03696925565600395
0.0052745286375284195 0.06931377947330475 0.08806388080120087 -0.1386275738477707 0.03488115966320038
0.01179993525147438 0.06931381672620773 0.08068276941776276 -0.13862763345241547 0.02506243996322155
0.011393344029784203 0.06931384652853012 0.1804647296667099 -0.13862769305706024 0.03237926959991455
0.031669631600379944 0.0693138837814331 0.21043694019317627 -0.1386277675628662 0.03350795432925224
0.016721200197935104 0.0693139061331749 0.16690100729465485 -0.1386278122663498 0.031018204987049103
0.01467718556523323 0.06931393593549728 0.11023249477148056 -0.13862788677215576 0.03197226673364639
0.02913261391222477 0.06931396573781967 0.12374415993690491 -0.13862793147563934 0.03056325390934944
0.0079263374209404 0.06931399554014206 0.08619814366102219 -0.13862799108028412 0.030954580754041672
0.018341023474931717 0.06931401789188385 0.13729770481586456 -0.1386280506849289 0.027902361005544662
0.009442673996090889 0.06931405514478683 0.1472899466753006 -0.13862811028957367 0.03153832256793976
0.014560893177986145 0.06931407749652863 0.07924847304821014 -0.13862815499305725 0.025335105136036873
0.026300320401787758 0.06931409984827042 0.17286691069602966 -0.13862819969654083 0.039798662066459656
0.009311018511652946 0.06931412220001221 0.13509751856327057 -0.13862824440002441 0.03235498070716858
0.011081185191869736 0.069314144551754 0.12862223386764526 -0.138628289103508 0.029967419803142548
0.020253708586096764 0.06931415945291519 0.1458815485239029 -0.13862834870815277 0.026170935481786728
0.011122213676571846 0.06931418180465698 0.09866918623447418 -0.13862836360931396 0.03176530823111534
0.01325579546391964 0.06931420415639877 0.09747443348169327 -0.13862840831279755 0.02725154533982277
0.013725414872169495 0.06931423395872116 0.1020413488149643 -0.13862846791744232 0.025082211941480637
0.0060552433133125305 0.06931424140930176 0.10195484757423401 -0.13862848281860352 0.0326177217066288
0.02285560965538025 0.06931426376104355 0.2519141435623169 -0.1386285275220871 0.03105877712368965
0.014673829078674316 0.06931427866220474 0.19568967819213867 -0.13862855732440948 0.026519056409597397
0.01212726254016161 0.06931430101394653 0.0961991474032402 -0.13862860202789307 0.03326328471302986
0.0037997812032699585 0.06931431591510773 0.1023547500371933 -0.13862863183021545 0.033259302377700806
0.0074237193912267685 0.06931432336568832 0.11512690782546997 -0.13862867653369904 0.02905380353331566
0.011272041127085686 0.06931435316801071 0.07120143622159958 -0.13862870633602142 0.033307529985904694
0.014153961092233658 0.06931436061859131 0.08724351972341537 -0.13862872123718262 0.024778585880994797
0.00869230180978775 0.0693143755197525 0.1525544673204422 -0.138628751039505 0.0266326405107975
0.009336022660136223 0.0693143904209137 0.07984813302755356 -0.1386287957429886 0.028333984315395355
0.00966893881559372 0.06931441277265549 0.09216760098934174 -0.13862882554531097 0.03150840476155281
0.014056675136089325 0.06931442022323608 0.11067594587802887 -0.13862884044647217 0.029888857156038284
0.03020976297557354 0.06931443512439728 0.07459251582622528 -0.13862887024879456 0.02896125800907612
0.024251099675893784 0.06931444257497787 0.08540675044059753 -0.13862888514995575 0.0202237106859684
0.008960842154920101 0.06931445747613907 0.10224644094705582 -0.13862891495227814 0.023168044164776802
0.014526721090078354 0.06931446492671967 0.07766317576169968 -0.13862894475460052 0.028374575078487396
0.009609626606106758 0.06931447982788086 0.09545119106769562 -0.13862895965576172 0.02962399274110794
0.007258227095007896 0.06931449472904205 0.12767650187015533 -0.1386289894580841 0.026058347895741463
0.021580927073955536 0.06931450217962265 0.10154080390930176 -0.1386290043592453 0.022266536951065063
0.005884373560547829 0.06931450217962265 0.07705209404230118 -0.1386290043592453 0.028601011261343956
0.012552939355373383 0.06931451708078384 0.08682748675346375 -0.1386290341615677 0.03238512948155403
0.016296666115522385 0.06931453198194504 0.06629431992769241 -0.13862906396389008 0.021976441144943237
0.006242638453841209 0.06931453943252563 0.06003238633275032 -0.13862907886505127 0.025004489347338676
0.009053826332092285 0.06931453943252563 0.11793303489685059 -0.13862907886505127 0.023404181003570557
0.019843537360429764 0.06931455433368683 0.11120396852493286 -0.13862910866737366 0.024938158690929413
0.008329475298523903 0.06931456178426743 0.049575723707675934 -0.13862912356853485 0.02728451043367386
0.007153823971748352 0.06931456178426743 0.11804204434156418 -0.13862912356853485 0.02143554762005806
0.022327838465571404 0.06931457668542862 0.08136644214391708 -0.13862915337085724 0.019459154456853867
0.004390845075249672 0.06931458413600922 0.08110411465167999 -0.13862916827201843 0.029364129528403282
0.006009746342897415 0.06931459158658981 0.09788886457681656 -0.13862918317317963 0.019742494449019432
0.08075788617134094 0.06931459158658981 0.0691763386130333 -0.13862919807434082 0.031674254685640335
0.014940785244107246 0.06931459903717041 0.11486800014972687 -0.13862919807434082 0.022521767765283585
0.007356626912951469 0.06931460648775101 0.09146115928888321 -0.1386292278766632 0.02467615157365799
0.002350062131881714 0.0693146139383316 0.11319293081760406 -0.1386292278766632 0.026531841605901718
0.00963197648525238 0.0693146213889122 0.07501215487718582 -0.1386292427778244 0.02158544398844242
0.0038094408810138702 0.0693146213889122 0.0963730737566948 -0.1386292427778244 0.023684442043304443
0.007369091734290123 0.0693146213889122 0.10299279540777206 -0.1386292427778244 0.023731444031000137
0.012925267219543457 0.0693146362900734 0.13818669319152832 -0.1386292725801468 0.021738998591899872
0.005072984844446182 0.0693146362900734 0.06637822091579437 -0.1386292725801468 0.026377402245998383
0.012244024313986301 0.06931464374065399 0.07328825443983078 -0.13862928748130798 0.02359588071703911
0.018216697499155998 0.06931464374065399 0.06802252680063248 -0.1386292725801468 0.019682126119732857
0.008012030273675919 0.06931465119123459 0.06540413945913315 -0.13862930238246918 0.02309728041291237
0.008556991815567017 0.06931465119123459 0.06089990586042404 -0.13862930238246918 0.02226957678794861
0.004226010292768478 0.06931465864181519 0.04565298929810524 -0.13862931728363037 0.024525754153728485
0.007845751941204071 0.06931465864181519 0.055426374077796936 -0.13862931728363037 0.02016928791999817
0.004569061100482941 0.06931465864181519 0.0665728822350502 -0.13862931728363037 0.023160375654697418
