2.2729063034057617 0.0700995922088623 6.984175682067871 -0.7174673080444336 0.10677435994148254
1.6110719442367554 0.0014701803447678685 5.977822780609131 -0.007889178581535816 0.13030540943145752
1.0851062536239624 3.0189401059033116e-06 5.219494819641113 -4.297083432902582e-05 0.17820009589195251
0.9001063108444214 2.4941007268353133e-06 4.931691646575928 -2.973396476591006e-05 0.21003782749176025
0.5774806141853333 6.808705165894935e-06 4.4091057777404785 -0.00012669646821450442 0.24679124355316162
0.511869490146637 3.900534284184687e-05 4.271883010864258 -0.0004384931526146829 0.2687593102455139
0.43297386169433594 0.00010286424367222935 3.7716405391693115 -0.0012140435865148902 0.27741900086402893
0.2921593189239502 0.00014828986604698002 3.658961057662964 -0.0016626649303361773 0.3010580539703369
0.29609939455986023 0.00011697725130943581 3.5982964038848877 -0.0012302601244300604 0.30598747730255127
0.251167356967926 9.744587441673502e-05 3.3530898094177246 -0.0012644039234146476 0.30559223890304565
0.1562986671924591 0.00010857344750547782 3.165712833404541 -0.001284441677853465 0.3007028102874756
0.15241384506225586 0.00012231657456140965 3.0193495750427246 -0.0012884784955531359 0.3124161958694458
0.23840512335300446 9.825523011386395e-05 2.964383840560913 -0.0010438874596729875 0.306394100189209
0.11943967640399933 0.00011082368291681632 2.810831069946289 -0.0012313215993344784 0.3051847219467163
0.13521501421928406 0.00014202948659658432 2.8042585849761963 -0.0017860985826700926 0.3067970871925354
0.14353850483894348 0.00014278276648838073 2.7824904918670654 -0.0016497090691700578 0.30887359380722046
0.098028764128685 0.00016802472237031907 2.469832420349121 -0.0018453528173267841 0.3014322519302368
0.08788251131772995 0.00014336002641357481 2.3259830474853516 -0.001508425921201706 0.30279040336608887
0.1134229302406311 0.0001417045423295349 2.1233162879943848 -0.0015795412473380566 0.28939783573150635
0.11280367523431778 0.00019872529082931578 2.18902587890625 -0.002107856795191765 0.2773658037185669
0.11873722076416016 0.00024650050909258425 2.057619094848633 -0.0027706571854650974 0.2833468019962311
0.04047059640288353 0.00019450487161520869 1.9303605556488037 -0.0021397117525339127 0.27809351682662964
0.07178520411252975 0.00017214893887285143 1.8919519186019897 -0.0019083272200077772 0.2695859968662262
0.031468719244003296 0.0002193901891587302 1.6950862407684326 -0.002167963422834873 0.26691383123397827
0.09114333987236023 0.00019830596284009516 2.0055735111236572 -0.0023618389386683702 0.2697359621524811
0.051702965050935745 0.00019124228856526315 1.66896390914917 -0.0023150425404310226 0.258929967880249
0.0283220075070858 0.0002597740967758 1.4949253797531128 -0.0028245742432773113 0.2485787272453308
0.03526441752910614 0.00022870463726576418 1.4057964086532593 -0.00234811520203948 0.25064200162887573
0.08831323683261871 0.00021312593889888376 1.2779011726379395 -0.002376505173742771 0.26265954971313477
0.07113334536552429 0.00019851089746225625 1.2465790510177612 -0.002262782771140337 0.24764639139175415
0.0904676616191864 0.0002031905169133097 1.1977580785751343 -0.0020377994515001774 0.233024001121521
0.09183741360902786 0.00021255314641166478 1.5469915866851807 -0.002221148693934083 0.23385435342788696
0.06435886025428772 0.0002710777916945517 1.1963006258010864 -0.002802446484565735 0.22974908351898193
0.028433455154299736 0.00029029088909737766 1.1832422018051147 -0.0030240467749536037 0.23910364508628845
0.02421390637755394 0.00025909728719852865 1.1180248260498047 -0.002807490760460496 0.21134039759635925
0.016996294260025024 0.0002226403885288164 0.914059042930603 -0.0023565562441945076 0.21155712008476257
0.043459054082632065 0.0002519301779102534 0.9827879071235657 -0.0027443147264420986 0.20357626676559448
0.018309354782104492 0.00035802143975161016 0.9109588861465454 -0.0035654837265610695 0.20159044861793518
0.027813127264380455 0.0003045420744456351 0.8321911096572876 -0.002891404088586569 0.20996183156967163
0.016432184725999832 0.00035638950066640973 0.7573426961898804 -0.003341997042298317 0.19980141520500183
0.02346610277891159 0.00023357212194241583 0.786592423915863 -0.002600080566480756 0.1807142049074173
0.0620700865983963 0.00027866862365044653 0.9206179976463318 -0.0029830927960574627 0.17880494892597198
0.025793932378292084 0.00028310809284448624 0.8964371681213379 -0.0032364544458687305 0.17514176666736603
0.025312278419733047 0.00024492020020261407 0.6628992557525635 -0.002660410711541772 0.18384593725204468
0.04743611812591553 0.0003073612169828266 0.7651994824409485 -0.0031737012322992086 0.17736369371414185
0.011414263397455215 0.0003418592968955636 0.7121018171310425 -0.00331334350630641 0.1953522264957428
0.01525108516216278 0.00031015739659778774 0.7303639054298401 -0.003505718894302845 0.18462751805782318
0.02262406051158905 0.00041208454058505595 0.7495850324630737 -0.004373037256300449 0.1682947874069214
0.013204678893089294 0.0004229700134601444 0.605743944644928 -0.004053010605275631 0.16094236075878143
0.03537917137145996 0.0003605250967666507 0.62282794713974 -0.003914220258593559 0.15949319303035736
0.028915539383888245 0.00042046859744004905 0.7214282751083374 -0.004175406415015459 0.16630704700946808
0.018814830109477043 0.0004456132301129401 0.5834634304046631 -0.004539645276963711 0.15279804170131683
0.037995874881744385 0.0004887047107331455 0.5250324606895447 -0.004846636671572924 0.15586894750595093
0.03146747127175331 0.00039279134944081306 0.4971574544906616 -0.003933362662792206 0.14396187663078308
0.01185658760368824 0.000481718365335837 0.6395654082298279 -0.004576661624014378 0.15245527029037476
0.009868260473012924 0.0004626257286872715 0.4925016462802887 -0.004996275994926691 0.13573962450027466
0.012763584032654762 0.000526687188539654 0.433686763048172 -0.005924929399043322 0.13722079992294312
0.034532319754362106 0.00043711179750971496 0.5305877923965454 -0.004709947854280472 0.13356421887874603
0.03779315575957298 0.0004346060159150511 0.5585054159164429 -0.0046700104139745235 0.11906392127275467
0.013168549165129662 0.0005505463923327625 0.49321725964546204 -0.005848719738423824 0.13371308147907257
0.029940156266093254 0.000517544336616993 0.45331883430480957 -0.005488822236657143 0.13663433492183685
0.09733346849679947 0.0004154984781052917 0.4137740135192871 -0.004456570837646723 0.12820622324943542
0.02440481260418892 0.0005908115999773145 0.5152497887611389 -0.006737051531672478 0.1391245275735855
0.01009666919708252 0.000613934185821563 0.42649969458580017 -0.006336658261716366 0.12622515857219696
0.017347123473882675 0.0006716299103572965 0.343814492225647 -0.00747700035572052 0.12176448106765747
0.02890486642718315 0.0006949332891963422 0.483818382024765 -0.007021459750831127 0.11127572506666183
0.016339857131242752 0.000606750079896301 0.38394269347190857 -0.006561674177646637 0.12040826678276062
0.031404048204422 0.0007366776699200273 0.38032597303390503 -0.007688095793128014 0.1408413201570511
0.012828895822167397 0.0007158115622587502 0.3554721474647522 -0.007759133353829384 0.1303601711988449
0.011475354433059692 0.0006886353949084878 0.3660977780818939 -0.008205702528357506 0.1263391077518463
0.010784564539790154 0.0006789549370296299 0.31903451681137085 -0.006952858064323664 0.11674067378044128
0.012051342986524105 0.0006347573362290859 0.2712022662162781 -0.007859839126467705 0.12369886040687561
0.008398918434977531 0.0007847747183404863 0.31798049807548523 -0.007942968048155308 0.12327566742897034
0.03396197035908699 0.0007334204274229705 0.29241278767585754 -0.008466914296150208 0.11546044796705246
0.005935415625572205 0.000675027898978442 0.31557902693748474 -0.0077088382095098495 0.1110726147890091
0.003531135618686676 0.0008601720328442752 0.29709672927856445 -0.009540777653455734 0.11028030514717102
0.015770258381962776 0.0008172366651706398 0.26421791315078735 -0.00943151954561472 0.10060204565525055
0.004630068317055702 0.0007174425991252065 0.283560574054718 -0.00805786531418562 0.08582098037004471
0.008351992815732956 0.000820834597107023 0.2696242034435272 -0.009082291275262833 0.11378427594900131
0.03074709139764309 0.0007710789213888347 0.28125277161598206 -0.008497114293277264 0.09939117729663849
0.011330566368997097 0.0008439947268925607 0.24048519134521484 -0.008876076899468899 0.10583287477493286
0.01909584179520607 0.0009642978548072278 0.2845797836780548 -0.010470781475305557 0.10898369550704956
0.02178085967898369 0.0008315320010297 0.31737759709358215 -0.00940801203250885 0.11385142803192139
0.01676042564213276 0.0008436497300863266 0.2545855939388275 -0.008657654747366905 0.09716852009296417
0.014905374497175217 0.00099420384503901 0.27248263359069824 -0.011435218155384064 0.11210174858570099
0.021435147151350975 0.001018990995362401 0.357107013463974 -0.011136159300804138 0.09314411878585815
0.022294051945209503 0.0010897055035457015 0.3251175880432129 -0.01203042920678854 0.09086590260267258
0.012540638446807861 0.0012450985377654433 0.2635732889175415 -0.013025598600506783 0.09350212663412094
0.004045210778713226 0.0011806462425738573 0.2039037048816681 -0.012961186468601227 0.09962324053049088
0.011693304404616356 0.0012161824852228165 0.21103113889694214 -0.01279452908784151 0.09619086980819702
0.044267404824495316 0.001344600459560752 0.2176291048526764 -0.014184105210006237 0.0978795662522316
0.018329935148358345 0.0013231877237558365 0.25999948382377625 -0.015135005116462708 0.08873426169157028
0.010178405791521072 0.0014376890612766147 0.23929396271705627 -0.015068408101797104 0.09674134850502014
0.006974892690777779 0.001288226805627346 0.2153104543685913 -0.014204690232872963 0.08114553987979889
0.012857185676693916 0.0018633803119882941 0.20130543410778046 -0.019517885521054268 0.1005476787686348
0.010476108640432358 0.0019348356872797012 0.24175967276096344 -0.02105632796883583 0.099092036485672
0.010646792128682137 0.0016314256936311722 0.23258981108665466 -0.016847599297761917 0.0894513800740242
0.019793851301074028 0.0015607383102178574 0.2676737606525421 -0.017469385638833046 0.1063927635550499
0.012630216777324677 0.001843765377998352 0.2612583041191101 -0.019499294459819794 0.0882304459810257
0.013995753601193428 0.0017594641540199518 0.23192420601844788 -0.018341774120926857 0.08529797196388245
0.013636304065585136 0.0016143087996169925 0.15594884753227234 -0.016609668731689453 0.09456569701433182
0.020684653893113136 0.001910048769786954 0.17379556596279144 -0.02089693397283554 0.07590009272098541
0.022674813866615295 0.0019368879729881883 0.1466788947582245 -0.02040240913629532 0.07240883260965347
0.01639561727643013 0.0017138168914243579 0.2905677556991577 -0.019564099609851837 0.09181342273950577
0.00650009885430336 0.002159496070817113 0.19735346734523773 -0.022716742008924484 0.08591601997613907
0.011153480038046837 0.0018970717210322618 0.10893066972494125 -0.0213507991284132 0.08425895124673843
0.007066136226058006 0.002584141446277499 0.2119656205177307 -0.026936352252960205 0.08570577949285507
0.006922759115695953 0.0024263402447104454 0.2295033037662506 -0.02484426647424698 0.08930088579654694
0.016137389466166496 0.0022359034046530724 0.1678580492734909 -0.023553095757961273 0.0943363681435585
0.003310302272439003 0.0029174068477004766 0.15797168016433716 -0.030711540952324867 0.09832245111465454
0.014374027028679848 0.0022455290891230106 0.19769789278507233 -0.02339034713804722 0.09923647344112396
0.0095454640686512 0.0026027485728263855 0.12075242400169373 -0.02777908369898796 0.09818652272224426
0.0127109345048666 0.003354552434757352 0.10957208275794983 -0.035402312874794006 0.09784509986639023
0.026438646018505096 0.0022368193604052067 0.19779391586780548 -0.023234505206346512 0.1036362498998642
0.012864932417869568 0.002493371022865176 0.13238272070884705 -0.026840411126613617 0.07722767442464828
0.02037562057375908 0.0034223839174956083 0.14592483639717102 -0.03671354427933693 0.10703185945749283
0.007965678349137306 0.004401535727083683 0.1171683520078659 -0.044789064675569534 0.0894814282655716
0.005391256883740425 0.0025439083110541105 0.1369861662387848 -0.027160771191120148 0.09729783982038498
0.01105213537812233 0.0028361533768475056 0.16679538786411285 -0.030029211193323135 0.07478147745132446
0.01423235796391964 0.003078523324802518 0.17801745235919952 -0.032887186855077744 0.09818637371063232
0.007819632068276405 0.004072478506714106 0.10322114080190659 -0.044301167130470276 0.09546567499637604
0.010347411967813969 0.004766177386045456 0.08523744344711304 -0.04934467747807503 0.08601907640695572
0.004826502874493599 0.004302256740629673 0.11768767237663269 -0.043316278606653214 0.11004067957401276
0.011950986459851265 0.0043712640181183815 0.07902634143829346 -0.0456126369535923 0.08455680310726166
0.007870819419622421 0.005069002974778414 0.13031387329101562 -0.053581252694129944 0.09858714044094086
0.007769668474793434 0.005394266452640295 0.2007562816143036 -0.05520521104335785 0.10819943249225616
0.016110824421048164 0.0037361090071499348 0.26677370071411133 -0.03694860637187958 0.09398314356803894
0.009145833551883698 0.0037749919574707747 0.1731850653886795 -0.039847392588853836 0.09859693050384521
0.009594260714948177 0.004616526421159506 0.11832597851753235 -0.04915683716535568 0.09187421947717667
0.011452165432274342 0.005971281323581934 0.10901805013418198 -0.059815019369125366 0.09963975846767426
0.022955279797315598 0.003940637689083815 0.0655398890376091 -0.04035387188196182 0.07474107295274734
0.019757499918341637 0.004634922835975885 0.18188661336898804 -0.04843198135495186 0.10508652031421661
0.0051053427159786224 0.005296492949128151 0.1409565955400467 -0.05372277647256851 0.08396261930465698
0.02612563781440258 0.005057327914983034 0.1264847069978714 -0.05200072377920151 0.09312789142131805
0.004060372710227966 0.0045491610653698444 0.11030322313308716 -0.047040075063705444 0.09712103754281998
0.013747436925768852 0.005616027861833572 0.07093678414821625 -0.05723487585783005 0.08455300331115723
0.008834678679704666 0.006110379938036203 0.13340243697166443 -0.0628340020775795 0.109244704246521
0.016732271760702133 0.004883134737610817 0.14293630421161652 -0.048575565218925476 0.08374115824699402
0.005201669409871101 0.0044163912534713745 0.10891365259885788 -0.04709555208683014 0.09611405432224274
0.005819482728838921 0.00588987348601222 0.10284306854009628 -0.06218448653817177 0.11595428735017776
0.016719484701752663 0.007688033860176802 0.10918737947940826 -0.07658980786800385 0.0964546799659729
0.00942089594900608 0.004868240561336279 0.0902450680732727 -0.05079864710569382 0.1173776239156723
0.009013332426548004 0.005932231433689594 0.07461106777191162 -0.06363970041275024 0.09787262976169586
0.008523110300302505 0.007749235723167658 0.12583579123020172 -0.08127888292074203 0.08562611788511276
0.009082207456231117 0.007812622003257275 0.11104716360569 -0.08152793347835541 0.0993199348449707
0.021939817816019058 0.0076024592854082584 0.0917396992444992 -0.07605846226215363 0.10180574655532837
0.015504363924264908 0.005878465715795755 0.07758387923240662 -0.05946505069732666 0.10066206008195877
0.0072287097573280334 0.005842495243996382 0.10987785458564758 -0.060373857617378235 0.10284377634525299
0.0088411346077919 0.00745980441570282 0.11408056318759918 -0.07789836078882217 0.10916981101036072
0.027760690078139305 0.007844082079827785 0.24501290917396545 -0.07931853830814362 0.10113857686519623
0.009713269770145416 0.007324814796447754 0.059038195759058 -0.07362274080514908 0.10101591050624847
0.028468865901231766 0.0069317384622991085 0.053234830498695374 -0.07107715308666229 0.10620704293251038
0.007744187489151955 0.008323265239596367 0.05130965635180473 -0.08785848319530487 0.11117784678936005
0.029703540727496147 0.009590130299329758 0.21480046212673187 -0.09644891321659088 0.115791454911232
0.015044700354337692 0.00897834450006485 0.11301969736814499 -0.0895778089761734 0.10397180169820786
0.006350282579660416 0.007672922220081091 0.07836813479661942 -0.07699224352836609 0.08875846862792969
0.02213042974472046 0.006910142954438925 0.08842632919549942 -0.07077427953481674 0.09787765890359879
0.0056417230516672134 0.007152076344937086 0.0848461240530014 -0.07311227917671204 0.09761150181293488
0.013809222728013992 0.007762153632938862 0.07216214388608932 -0.0795651227235794 0.09723372757434845
0.00852937251329422 0.00827906746417284 0.058504413813352585 -0.08663301914930344 0.10617071390151978
0.026193423196673393 0.009500074200332165 0.10847007483243942 -0.09779997915029526 0.08174030482769012
0.006039224565029144 0.012039667926728725 0.07402732968330383 -0.12286524474620819 0.08684979379177094
0.013500593602657318 0.011005694977939129 0.09783061593770981 -0.11027659475803375 0.09021198749542236
0.024416442960500717 0.008658785372972488 0.07578109204769135 -0.08730040490627289 0.10445180535316467
0.00623244047164917 0.009445457719266415 0.09568746387958527 -0.09900854527950287 0.10078407824039459
0.005446776747703552 0.01167011633515358 0.05496358126401901 -0.11968841403722763 0.08961497247219086
0.011004554107785225 0.01291582453995943 0.10961375385522842 -0.13439011573791504 0.11660869419574738
0.014687865972518921 0.01530399825423956 0.07810871303081512 -0.15518319606781006 0.11595799028873444
0.005387376993894577 0.012625637464225292 0.10395863652229309 -0.12632909417152405 0.11071965843439102
0.012747952714562416 0.01084995735436678 0.05925162509083748 -0.10938885062932968 0.10852116346359253
0.009740738198161125 0.010237752459943295 0.10103609412908554 -0.10489445924758911 0.11762864142656326
0.007403753697872162 0.015116316266357899 0.11732539534568787 -0.1590937077999115 0.11496682465076447
0.016454225406050682 0.02272513508796692 0.10152566432952881 -0.23385339975357056 0.10088469088077545
0.010320940986275673 0.025760436430573463 0.08519692718982697 -0.2612251043319702 0.10182296484708786
0.02175941690802574 0.030802005901932716 0.0994713306427002 -0.3123287558555603 0.09547945857048035
0.007001521065831184 0.03512157127261162 0.084768146276474 -0.353296160697937 0.11323611438274384
0.01920107565820217 0.03805549442768097 0.1250971406698227 -0.38251781463623047 0.10724161565303802
0.0144928814843297 0.041933782398700714 0.054406747221946716 -0.42244279384613037 0.10043895244598389
0.010865723714232445 0.047001998871564865 0.03805074095726013 -0.4724671244621277 0.1038455069065094
0.0212068110704422 0.051881588995456696 0.07073954492807388 -0.5210803151130676 0.10359683632850647
0.016253292560577393 0.05617489293217659 0.059479568153619766 -0.5631697177886963 0.10802070051431656
0.012951718643307686 0.05934174731373787 0.110002800822258 -0.594161331653595 0.10492025315761566
0.0034744851291179657 0.06171565130352974 0.07282143831253052 -0.6177093982696533 0.1326652467250824
0.0064810775220394135 0.06370661407709122 0.11089178174734116 -0.6377493143081665 0.10581552237272263
0.025970062240958214 0.06557223200798035 0.0889236107468605 -0.656181275844574 0.114988312125206
0.030460361391305923 0.06687711924314499 0.05741031840443611 -0.6691086292266846 0.10251478850841522
0.004932522773742676 0.0677303597331047 0.07562683522701263 -0.6774199604988098 0.09339611232280731
0.007816476747393608 0.06802493333816528 0.07228391617536545 -0.6801782846450806 0.11594429612159729
0.00859435647726059 0.06813064217567444 0.05771738663315773 -0.6812195777893066 0.11266888678073883
0.005881717428565025 0.06814514100551605 0.07685207575559616 -0.6813449859619141 0.10866311192512512
0.01414039358496666 0.06815015524625778 0.06647118926048279 -0.6814043521881104 0.12223492562770844
0.026917556300759315 0.06815604120492935 0.05324232578277588 -0.6814557909965515 0.10494185984134674
0.0045760273933410645 0.06814493983983994 0.11342702805995941 -0.6813601851463318 0.1108255386352539
0.013156525790691376 0.06814093887805939 0.05309535562992096 -0.681359052658081 0.10116656124591827
0.01180918887257576 0.06815635412931442 0.0610835961997509 -0.6815460324287415 0.10468217730522156
0.012407008558511734 0.06819146871566772 0.010966088622808456 -0.6819185018539429 0.1098083108663559
0.012431122362613678 0.0682355985045433 0.10632731020450592 -0.6823679804801941 0.10961521416902542
0.0209657009691 0.06828425079584122 0.07176032662391663 -0.6828604340553284 0.116217702627182
0.008804073557257652 0.06833382695913315 0.0395849384367466 -0.6833566427230835 0.1136416345834732
0.003888007253408432 0.0683823749423027 0.05288827046751976 -0.6838417649269104 0.09927837550640106
0.010354308411478996 0.06842879951000214 0.04298180714249611 -0.684303879737854 0.09616192430257797
0.019894583150744438 0.06847238540649414 0.05965856835246086 -0.6847373247146606 0.08456234633922577
0.0050702206790447235 0.0685129389166832 0.024243269115686417 -0.6851404905319214 0.09520930051803589
0.004813099279999733 0.0685504823923111 0.0993666797876358 -0.6855137348175049 0.0880788192152977
0.006874686107039452 0.06858513504266739 0.12647971510887146 -0.6858583092689514 0.11600960046052933
0.0037528015673160553 0.06861715018749237 0.10372532904148102 -0.6861768364906311 0.09614893049001694
0.009178917855024338 0.06864671409130096 0.06160547211766243 -0.6864711046218872 0.08473335206508636
0.019820349290966988 0.06867405027151108 0.031183551996946335 -0.6867432594299316 0.10950702428817749
0.007150992751121521 0.06869933754205704 0.03732581436634064 -0.686995267868042 0.15251676738262177
0.007547108456492424 0.06872279196977615 0.06679721176624298 -0.6872290372848511 0.07142823934555054
0.006601426750421524 0.06874456256628036 0.0671268105506897 -0.6874462366104126 0.09077998250722885
0.01079215295612812 0.068764828145504 0.07797082513570786 -0.6876484751701355 0.10455404967069626
0.017138641327619553 0.06878373771905899 0.04901456832885742 -0.6878373026847839 0.13416239619255066
0.013627981767058372 0.0688014104962349 0.03204410895705223 -0.6880137920379639 0.09812840074300766
0.00957690179347992 0.06881797313690186 0.05278656259179115 -0.6881794333457947 0.10002493858337402
0.0636114627122879 0.06883352994918823 0.10567774623632431 -0.6883349418640137 0.13485431671142578
0.022222939878702164 0.06884818524122238 0.043052464723587036 -0.6884815692901611 0.11377556622028351
0.004911217838525772 0.06886201351881027 0.03319837898015976 -0.6886199116706848 0.1066460907459259
0.008144823834300041 0.06887509673833847 0.054039761424064636 -0.6887508034706116 0.08881594240665436
0.01672179251909256 0.06888749450445175 0.1189151257276535 -0.6888749599456787 0.11409111320972443
0.005702190101146698 0.06889928877353668 0.06703584641218185 -0.688992977142334 0.09732910990715027
0.004813451319932938 0.06891050934791565 0.05980692803859711 -0.6891053915023804 0.10527287423610687
0.006612403318285942 0.06892122328281403 0.046881113201379776 -0.6892126798629761 0.10745079815387726
0.016340961679816246 0.0689314603805542 0.022351346909999847 -0.6893151998519897 0.09271437674760818
0.0056404173374176025 0.06894126534461975 0.04342639818787575 -0.6894134283065796 0.11690640449523926
0.0350007638335228 0.06895067542791367 0.050035689026117325 -0.6895076036453247 0.0982898622751236
0.002007249742746353 0.06895971298217773 0.04166911169886589 -0.6895982027053833 0.12548311054706573
0.00718444399535656 0.06896841526031494 0.05621452257037163 -0.6896853446960449 0.07789042592048645
0.029071727767586708 0.06897679716348648 0.08102269470691681 -0.6897693872451782 0.11073873192071915
0.0066854078322649 0.06898488849401474 0.05234690010547638 -0.6898504495620728 0.10249359160661697
0.010025165975093842 0.0689927265048027 0.06912413239479065 -0.6899287700653076 0.1030636578798294
0.007130883634090424 0.06900028884410858 0.04117497429251671 -0.6900045871734619 0.12982314825057983
0.009387653321027756 0.06900762766599655 0.04697413370013237 -0.69007807970047 0.10253489017486572
0.03199232742190361 0.06901474297046661 0.058642830699682236 -0.6901493072509766 0.097630575299263
0.0061837974935770035 0.06902164220809937 0.04748321697115898 -0.690218448638916 0.10967963933944702
0.01450934074819088 0.0690283551812172 0.11772534251213074 -0.6902856230735779 0.10441921651363373
0.005022652447223663 0.0690348744392395 0.030557751655578613 -0.6903508901596069 0.12993383407592773
0.006511282175779343 0.06904122978448868 0.03740471228957176 -0.690414547920227 0.07818542420864105
0.004261257126927376 0.06904741376638412 0.012771651148796082 -0.6904764771461487 0.08778952807188034
0.014654144644737244 0.06905344873666763 0.06199663504958153 -0.6905368566513062 0.11623900383710861
0.007921712473034859 0.0690593346953392 0.027252107858657837 -0.6905957460403442 0.11986170709133148
0.027234304696321487 0.06906507164239883 0.03719883784651756 -0.6906532049179077 0.0947544127702713
0.008225757628679276 0.06907067447900772 0.10186593234539032 -0.6907092332839966 0.09458501636981964
0.0243003498762846 0.06907615810632706 0.10737787187099457 -0.6907640695571899 0.10308758914470673
0.0025947503745555878 0.06908150762319565 0.014568325132131577 -0.6908175945281982 0.13471154868602753
0.030760236084461212 0.06908674538135529 0.06343753635883331 -0.6908699870109558 0.08459700644016266
0.010224267840385437 0.06909186393022537 0.02376607060432434 -0.6909211874008179 0.15538373589515686
0.0092018973082304 0.0690968781709671 0.05177236720919609 -0.6909712553024292 0.09393436461687088
0.010245436802506447 0.06910177320241928 0.037259701639413834 -0.6910203099250793 0.10701169073581696
0.006105300039052963 0.0691065788269043 0.0617772676050663 -0.6910684108734131 0.08871221542358398
